Stacked matrix: 
1 2 3 4 5 6 7 8 9 10 
2 3 4 5 6 7 8 9 10 11 
3 4 5 6 7 8 9 10 11 12 
4 5 6 7 8 9 10 11 12 13 
5 6 7 8 9 10 11 12 13 14 
6 7 8 9 10 11 12 13 14 15 
7 8 9 10 11 12 13 14 15 16 
8 9 10 11 12 13 14 15 16 17 
9 10 11 12 13 14 15 16 17 18 
10 11 12 13 14 15 16 17 18 19 
11 12 13 14 15 16 17 18 19 20 
12 13 14 15 16 17 18 19 20 21 
13 14 15 16 17 18 19 20 21 22 
14 15 16 17 18 19 20 21 22 23 
15 16 17 18 19 20 21 22 23 24 
16 17 18 19 20 21 22 23 24 25 
17 18 19 20 21 22 23 24 25 26 
18 19 20 21 22 23 24 25 26 27 
19 20 21 22 23 24 25 26 27 28 
20 21 22 23 24 25 26 27 28 29 

Kernel matrix: 
385 440 495 550 605 660 715 770 825 880 935 990 1045 1100 1155 1210 1265 1320 1375 1430 
440 505 570 635 700 765 830 895 960 1025 1090 1155 1220 1285 1350 1415 1480 1545 1610 1675 
495 570 645 720 795 870 945 1020 1095 1170 1245 1320 1395 1470 1545 1620 1695 1770 1845 1920 
550 635 720 805 890 975 1060 1145 1230 1315 1400 1485 1570 1655 1740 1825 1910 1995 2080 2165 
605 700 795 890 985 1080 1175 1270 1365 1460 1555 1650 1745 1840 1935 2030 2125 2220 2315 2410 
660 765 870 975 1080 1185 1290 1395 1500 1605 1710 1815 1920 2025 2130 2235 2340 2445 2550 2655 
715 830 945 1060 1175 1290 1405 1520 1635 1750 1865 1980 2095 2210 2325 2440 2555 2670 2785 2900 
770 895 1020 1145 1270 1395 1520 1645 1770 1895 2020 2145 2270 2395 2520 2645 2770 2895 3020 3145 
825 960 1095 1230 1365 1500 1635 1770 1905 2040 2175 2310 2445 2580 2715 2850 2985 3120 3255 3390 
880 1025 1170 1315 1460 1605 1750 1895 2040 2185 2330 2475 2620 2765 2910 3055 3200 3345 3490 3635 
935 1090 1245 1400 1555 1710 1865 2020 2175 2330 2485 2640 2795 2950 3105 3260 3415 3570 3725 3880 
990 1155 1320 1485 1650 1815 1980 2145 2310 2475 2640 2805 2970 3135 3300 3465 3630 3795 3960 4125 
1045 1220 1395 1570 1745 1920 2095 2270 2445 2620 2795 2970 3145 3320 3495 3670 3845 4020 4195 4370 
1100 1285 1470 1655 1840 2025 2210 2395 2580 2765 2950 3135 3320 3505 3690 3875 4060 4245 4430 4615 
1155 1350 1545 1740 1935 2130 2325 2520 2715 2910 3105 3300 3495 3690 3885 4080 4275 4470 4665 4860 
1210 1415 1620 1825 2030 2235 2440 2645 2850 3055 3260 3465 3670 3875 4080 4285 4490 4695 4900 5105 
1265 1480 1695 1910 2125 2340 2555 2770 2985 3200 3415 3630 3845 4060 4275 4490 4705 4920 5135 5350 
1320 1545 1770 1995 2220 2445 2670 2895 3120 3345 3570 3795 4020 4245 4470 4695 4920 5145 5370 5595 
1375 1610 1845 2080 2315 2550 2785 3020 3255 3490 3725 3960 4195 4430 4665 4900 5135 5370 5605 5840 
1430 1675 1920 2165 2410 2655 2900 3145 3390 3635 3880 4125 4370 4615 4860 5105 5350 5595 5840 6085 

Centering matrix: 
902.5 807.5 712.5 617.5 522.5 427.5 332.5 237.5 142.5 47.5 -47.5 -142.5 -237.5 -332.5 -427.5 -522.5 -617.5 -712.5 -807.5 -902.5 
807.5 722.5 637.5 552.5 467.5 382.5 297.5 212.5 127.5 42.5 -42.5 -127.5 -212.5 -297.5 -382.5 -467.5 -552.5 -637.5 -722.5 -807.5 
712.5 637.5 562.5 487.5 412.5 337.5 262.5 187.5 112.5 37.5 -37.5 -112.5 -187.5 -262.5 -337.5 -412.5 -487.5 -562.5 -637.5 -712.5 
617.5 552.5 487.5 422.5 357.5 292.5 227.5 162.5 97.5 32.5 -32.5 -97.5 -162.5 -227.5 -292.5 -357.5 -422.5 -487.5 -552.5 -617.5 
522.5 467.5 412.5 357.5 302.5 247.5 192.5 137.5 82.5 27.5 -27.5 -82.5 -137.5 -192.5 -247.5 -302.5 -357.5 -412.5 -467.5 -522.5 
427.5 382.5 337.5 292.5 247.5 202.5 157.5 112.5 67.5 22.5 -22.5 -67.5 -112.5 -157.5 -202.5 -247.5 -292.5 -337.5 -382.5 -427.5 
332.5 297.5 262.5 227.5 192.5 157.5 122.5 87.5 52.5 17.5 -17.5 -52.5 -87.5 -122.5 -157.5 -192.5 -227.5 -262.5 -297.5 -332.5 
237.5 212.5 187.5 162.5 137.5 112.5 87.5 62.5 37.5 12.5 -12.5 -37.5 -62.5 -87.5 -112.5 -137.5 -162.5 -187.5 -212.5 -237.5 
142.5 127.5 112.5 97.5 82.5 67.5 52.5 37.5 22.5 7.5 -7.5 -22.5 -37.5 -52.5 -67.5 -82.5 -97.5 -112.5 -127.5 -142.5 
47.5 42.5 37.5 32.5 27.5 22.5 17.5 12.5 7.5 2.5 -2.5 -7.5 -12.5 -17.5 -22.5 -27.5 -32.5 -37.5 -42.5 -47.5 
-47.5 -42.5 -37.5 -32.5 -27.5 -22.5 -17.5 -12.5 -7.5 -2.5 2.5 7.5 12.5 17.5 22.5 27.5 32.5 37.5 42.5 47.5 
-142.5 -127.5 -112.5 -97.5 -82.5 -67.5 -52.5 -37.5 -22.5 -7.5 7.5 22.5 37.5 52.5 67.5 82.5 97.5 112.5 127.5 142.5 
-237.5 -212.5 -187.5 -162.5 -137.5 -112.5 -87.5 -62.5 -37.5 -12.5 12.5 37.5 62.5 87.5 112.5 137.5 162.5 187.5 212.5 237.5 
-332.5 -297.5 -262.5 -227.5 -192.5 -157.5 -122.5 -87.5 -52.5 -17.5 17.5 52.5 87.5 122.5 157.5 192.5 227.5 262.5 297.5 332.5 
-427.5 -382.5 -337.5 -292.5 -247.5 -202.5 -157.5 -112.5 -67.5 -22.5 22.5 67.5 112.5 157.5 202.5 247.5 292.5 337.5 382.5 427.5 
-522.5 -467.5 -412.5 -357.5 -302.5 -247.5 -192.5 -137.5 -82.5 -27.5 27.5 82.5 137.5 192.5 247.5 302.5 357.5 412.5 467.5 522.5 
-617.5 -552.5 -487.5 -422.5 -357.5 -292.5 -227.5 -162.5 -97.5 -32.5 32.5 97.5 162.5 227.5 292.5 357.5 422.5 487.5 552.5 617.5 
-712.5 -637.5 -562.5 -487.5 -412.5 -337.5 -262.5 -187.5 -112.5 -37.5 37.5 112.5 187.5 262.5 337.5 412.5 487.5 562.5 637.5 712.5 
-807.5 -722.5 -637.5 -552.5 -467.5 -382.5 -297.5 -212.5 -127.5 -42.5 42.5 127.5 212.5 297.5 382.5 467.5 552.5 637.5 722.5 807.5 
-902.5 -807.5 -712.5 -617.5 -522.5 -427.5 -332.5 -237.5 -142.5 -47.5 47.5 142.5 237.5 332.5 427.5 522.5 617.5 712.5 807.5 902.5 

Weight matrix: 
0.01 0.01 0.01 0.01 0.01 0.01 0.01 0.01 0.01 0.01 -0.01 -0.01 -0.01 -0.01 -0.01 -0.01 -0.01 -0.01 -0.01 -0.01 
0.01 0.01 0.01 0.01 0.01 0.01 0.01 0.01 0.01 0.01 -0.01 -0.01 -0.01 -0.01 -0.01 -0.01 -0.01 -0.01 -0.01 -0.01 
0.01 0.01 0.01 0.01 0.01 0.01 0.01 0.01 0.01 0.01 -0.01 -0.01 -0.01 -0.01 -0.01 -0.01 -0.01 -0.01 -0.01 -0.01 
0.01 0.01 0.01 0.01 0.01 0.01 0.01 0.01 0.01 0.01 -0.01 -0.01 -0.01 -0.01 -0.01 -0.01 -0.01 -0.01 -0.01 -0.01 
0.01 0.01 0.01 0.01 0.01 0.01 0.01 0.01 0.01 0.01 -0.01 -0.01 -0.01 -0.01 -0.01 -0.01 -0.01 -0.01 -0.01 -0.01 
0.01 0.01 0.01 0.01 0.01 0.01 0.01 0.01 0.01 0.01 -0.01 -0.01 -0.01 -0.01 -0.01 -0.01 -0.01 -0.01 -0.01 -0.01 
0.01 0.01 0.01 0.01 0.01 0.01 0.01 0.01 0.01 0.01 -0.01 -0.01 -0.01 -0.01 -0.01 -0.01 -0.01 -0.01 -0.01 -0.01 
0.01 0.01 0.01 0.01 0.01 0.01 0.01 0.01 0.01 0.01 -0.01 -0.01 -0.01 -0.01 -0.01 -0.01 -0.01 -0.01 -0.01 -0.01 
0.01 0.01 0.01 0.01 0.01 0.01 0.01 0.01 0.01 0.01 -0.01 -0.01 -0.01 -0.01 -0.01 -0.01 -0.01 -0.01 -0.01 -0.01 
0.01 0.01 0.01 0.01 0.01 0.01 0.01 0.01 0.01 0.01 -0.01 -0.01 -0.01 -0.01 -0.01 -0.01 -0.01 -0.01 -0.01 -0.01 
-0.01 -0.01 -0.01 -0.01 -0.01 -0.01 -0.01 -0.01 -0.01 -0.01 0.01 0.01 0.01 0.01 0.01 0.01 0.01 0.01 0.01 0.01 
-0.01 -0.01 -0.01 -0.01 -0.01 -0.01 -0.01 -0.01 -0.01 -0.01 0.01 0.01 0.01 0.01 0.01 0.01 0.01 0.01 0.01 0.01 
-0.01 -0.01 -0.01 -0.01 -0.01 -0.01 -0.01 -0.01 -0.01 -0.01 0.01 0.01 0.01 0.01 0.01 0.01 0.01 0.01 0.01 0.01 
-0.01 -0.01 -0.01 -0.01 -0.01 -0.01 -0.01 -0.01 -0.01 -0.01 0.01 0.01 0.01 0.01 0.01 0.01 0.01 0.01 0.01 0.01 
-0.01 -0.01 -0.01 -0.01 -0.01 -0.01 -0.01 -0.01 -0.01 -0.01 0.01 0.01 0.01 0.01 0.01 0.01 0.01 0.01 0.01 0.01 
-0.01 -0.01 -0.01 -0.01 -0.01 -0.01 -0.01 -0.01 -0.01 -0.01 0.01 0.01 0.01 0.01 0.01 0.01 0.01 0.01 0.01 0.01 
-0.01 -0.01 -0.01 -0.01 -0.01 -0.01 -0.01 -0.01 -0.01 -0.01 0.01 0.01 0.01 0.01 0.01 0.01 0.01 0.01 0.01 0.01 
-0.01 -0.01 -0.01 -0.01 -0.01 -0.01 -0.01 -0.01 -0.01 -0.01 0.01 0.01 0.01 0.01 0.01 0.01 0.01 0.01 0.01 0.01 
-0.01 -0.01 -0.01 -0.01 -0.01 -0.01 -0.01 -0.01 -0.01 -0.01 0.01 0.01 0.01 0.01 0.01 0.01 0.01 0.01 0.01 0.01 
-0.01 -0.01 -0.01 -0.01 -0.01 -0.01 -0.01 -0.01 -0.01 -0.01 0.01 0.01 0.01 0.01 0.01 0.01 0.01 0.01 0.01 0.01 

