1.872700594236812455e+00 2.455358730241625764e+00 3.435063969914232018e+00 1.625850513414110798e+00 6.478562731959227605e-01 2.135390585889869630e+00 5.675466881009100240e-01 3.496913945816302771e+00 3.270884115141518222e+00 2.289897082355182079e+00 5.142935578360552373e-01 2.569381321813476671e+00 3.976764591823610751e+00 6.098131387597954811e-01 8.721671877701262510e-01 1.756215737474129845e+00 1.240273919195701513e+00 3.726446481963644697e+00 3.471116042353989517e+00 2.113639135825146731e+00 2.183896446145713544e+00 2.636459822647712503e+00 3.172362442614693467e+00 2.922368807183761241e+00 1.991685376995819157e+00 4.031737208748291224e+00 2.073078697625240885e+00 2.588826215169376610e+00 3.462524212876064489e+00 4.357930348560382083e-01 3.200619615275840601e+00 6.578740168466468141e-01 1.546056956837628338e+00 3.455894425022419281e+00 2.582219867604818031e+00 2.737292242608960091e+00 1.114593281366300204e+00 1.772839313080111889e+00 2.451476600063613009e+00 2.178635500201539621e+00 1.735085282820929109e+00 2.816380590398802841e+00 2.210869629046059437e+00 2.474839518120959703e+00 9.551594022474094725e-01 3.154553928400926743e+00 1.275856724878200232e+00 1.925102280116601339e+00 1.676390765122742765e+00 4.772537467737636430e-01 3.408050370105002003e+00 3.060528343739976176e+00 3.109973414795549118e+00 4.195822132538894245e+00 2.104738202908893463e+00 3.601555205344565636e+00 8.915893291596008741e-01 1.227000251914780238e+00 8.616260342841116637e-01 2.392186773598561800e+00 2.592335609418260134e+00 1.559695682686033091e+00 3.830043907985449803e+00 2.849192352377904136e+00 2.412858962189668333e+00 1.859678288617819808e+00 1.686011084298863594e+00 3.433524746263892258e+00 3.291243053123679707e-01 3.041508050709372579e+00 2.027610560063862088e+00 5.197030792949721700e-01 9.363496238369378721e-01 2.361244593360647404e+00 1.931145271981616673e+00 3.179713251004481211e+00 3.598224497996263871e+00 2.676819824171924989e+00 9.907146627407699135e-01 1.732223653039220101e+00 3.958428374557472651e+00 3.598814946725894970e+00 1.305467953872908815e+00 2.129583896142133170e+00 2.025046236549358891e+00 1.874190386758205484e+00 2.869923041917142648e+00 3.913645253043100514e+00 4.127070103844958204e+00 2.093246496115875210e+00 2.582930643352491451e+00 3.224125846691570985e+00 4.266036815914736380e+00 2.066001147538089278e+00 3.644736491822158975e+00 2.526149640520662487e+00 1.354764350329730860e+00 3.020684370968048427e+00 2.025755275329723659e+00 3.275052386527416148e-01
2.455358730241625764e+00 3.182052056318902089e+00 9.962398651784387660e-01 2.599813306832126969e+00 4.525298451514149001e+00 1.963471488732488446e+00 1.722433155168970664e+00 2.018436688413689062e+00 9.533430210147095796e-01 2.587802842565317674e-01 2.079131000730315648e+00 2.825809793487039201e+00 2.385711422003436333e+00 4.360831564520267101e+00 2.002557431996852877e+00 3.376606169543622027e+00 2.817609097536588170e+00 1.547669843040419435e+00 4.075168394872461519e+00 1.361429638646408646e+00 2.636047385590155834e+00 3.572800417924082872e+00 1.071810170745448820e+00 1.705251419742443986e+00 7.491176284739817781e-01 2.979088958202434689e+00 2.180867001863492138e+00 4.591861016338892654e+00 2.287127310777025357e+00 3.190735132733566459e+00 3.035231000850378003e+00 2.426230400367404005e+00 1.557494599713057148e+00 3.336993813266445841e+00 2.594569101835472402e+00 2.814608110934212259e+00 2.724170096457105839e+00 3.453797317969538927e+00 3.254863327576525300e+00 3.377056420259989089e+00 4.419699060605243091e+00 1.695451631567466810e+00 1.733735556496377894e+00 3.101117247104838270e+00 2.008505457608003919e+00 1.376487006424594206e+00 3.482378884939338004e+00 1.440107726721160386e+00 3.050359721073647723e-01 1.906266707752307221e+00 3.454253863354187715e+00 2.042937428260265253e+00 2.819604379114809767e+00 1.249914962048041200e+00 4.880961704114271882e+00 7.330519448924408543e-01 2.469510071424861231e+00 2.790419560393312182e+00 8.444813537479165522e-01 3.177891982752968580e+00 1.350423737061048568e+00 3.387473512670164943e+00 2.590140165627591973e+00 2.446073830837979024e+00 2.431827403504974949e+00 2.288414745295508812e+00 2.292934161660493242e+00 2.329790623853484455e+00 3.782957696583610918e-01 1.976161397710451517e+00 2.160842225183529308e+00 5.449673293043588718e-01 1.619024829650087538e+00 1.642030508100821962e+00 3.339470256990215269e+00 2.518150059730551948e+00 2.169050130696927869e+00 2.843813943700812530e+00 2.649455280817648362e+00 8.966713856417165562e-01 2.570873388658465597e+00 2.754339090959439851e+00 3.330247224724779187e+00 2.840936243710820097e+00 2.973691692176044121e+00 2.423270675981004985e+00 3.828438366483474908e+00 3.458947393002771875e+00 1.969787340607924930e+00 2.886091272063187052e+00 1.546158124063493178e+00 4.223047210208806135e+00 3.358387947244415805e+00 2.820393507319631787e+00 1.582582949109134551e+00 2.713067357444991945e+00 3.746133812416383435e+00 2.780287570556514432e+00 2.717738363444662131e+00 2.882206614340461215e+00
3.435063969914232018e+00 9.962398651784387660e-01 8.081435704730688396e-01 3.597973275342964516e+00 2.779203580268617912e+00 7.968116697573934815e-01 6.962050678569473572e-01 2.500265118254940688e+00 1.453374860032579541e+00 8.556087162682399772e-01 3.554199063107486012e+00 3.939202706640297258e+00 1.685212027578994576e+00 6.906014827800806000e-01 1.872126620702696975e+00 6.572278832580893404e-01 1.380140250965639304e+00 2.645768845508209566e+00 2.507210768873197271e+00 4.025535426305679287e+00 3.909668682053450084e+00 1.815658565427048954e+00 1.290557990350092776e+00 2.200958822539624826e+00 1.687078156442393784e+00 2.043796487086642077e+00 4.304139472196613525e+00 1.296619848573534517e+00 4.589370369993335252e+00 1.577875651881572638e+00 2.613198005835368321e+00 3.542964392384377881e+00 1.926917381408129515e+00 2.628942446913665520e+00 2.985338999578337482e+00 4.299225037912769665e+00 1.165106794560448744e+00 8.546641667226057004e-01 3.660531313478046833e+00 2.730428529810678295e+00 4.251548785357683435e+00 3.755184449326523399e+00 2.601035450297314089e+00 2.813230794251600830e+00 6.532601475556693016e-01 3.041257721368137101e+00 3.343592106885767024e+00 4.074502670047196240e+00 4.682623701937822958e+00 2.440642283999778783e+00 2.872490713179415067e+00 2.390011955885175343e+00 3.734785212491961826e+00 2.697029748834403939e+00 2.819077166226471753e+00 1.974149548336111115e+00 2.653515013142472512e+00 3.151559694913236065e+00 2.104446922468861558e+00 5.663927768436736176e-01 3.718504475134961851e+00 3.273197869726129028e+00 2.650310169456069342e+00 2.508990986765895492e+00 2.702210450649604745e+00 3.038054493996819261e+00 2.657610016854458301e+00 2.703599984499041931e+00 1.447201351040003692e+00 8.284408771504325752e-01 4.101517401421140185e+00 4.422843926630367406e+00 3.463679863032922412e+00 2.969863963409037577e+00 2.709375312071757413e+00 1.566513011309007775e+00 3.446309277914791913e+00 3.236709770398956909e+00 4.220792000504663299e+00 2.662281055185278689e+00 2.464398851202309615e+00 1.817116633314130425e+00 3.281330516371598449e+00 2.006646649515939629e+00 2.904032627461728744e+00 7.914446341831447018e-01 3.317075613482114882e+00 2.164058420178461617e+00 1.918318550770029329e+00 3.428387658315081410e+00 1.888526304437834424e+00 9.041546315619874985e-01 3.554735317425342878e+00 3.016812836336669967e+00 1.717384035469585291e+00 2.697719182973417062e+00 2.352346116665491760e+00 2.328641445136513610e+00 1.884332092919549950e+00 5.853393721073021361e-01
1.625850513414110798e+00 2.599813306832126969e+00 3.597973275342964516e+00 3.187149507491032985e+00 3.881371999576007870e+00 4.474117747923708421e+00 1.512507205145627198e+00 1.143427874700550628e+00 3.504753102878899185e+00 2.134684530579415984e+00 2.927990767787993498e+00 2.515521661343697257e+00 8.724024064124968891e-01 3.759861874947489024e+00 3.930955338944615907e+00 2.593055084299635826e+00 1.909873125615517919e+00 1.698590457277724619e+00 1.132431559896853290e+00 7.138856327620859421e-01 1.996932161389066263e+00 3.526237602172161978e+00 1.755555129722841556e+00 1.433556800385161090e+00 3.165206939316469015e+00 4.234860150769254261e+00 2.179852119431293200e+00 1.571671027809832921e+00 3.449339167083093294e+00 1.660742044958623875e+00 2.452116945645651302e+00 2.979667707932819987e+00 2.183025649494775955e+00 1.093086982857174316e+00 9.316047286191592169e-01 1.768870191209073739e-01 2.835259117815109420e+00 3.879417735989134641e+00 3.644352589002470832e+00 8.725085704985069412e-01 1.613789449526515041e+00 1.620297391692238076e+00 2.841704543460856769e+00 2.551188918804089489e+00 1.891611127316294771e+00 1.555786139604817597e+00 2.513314591380551022e+00 1.601675949822292999e+00 1.411853452362942241e+00 2.333847512980462113e+00 2.107851611599949493e+00 2.972291333406718472e+00 3.440924473531111527e+00 2.640597302173881111e+00 7.955009761796714152e-01 2.836052519095995983e+00 1.705053205969335961e+00 2.095245813843021221e+00 4.390465077100410340e+00 2.378238492209550081e+00 2.503215413189408434e+00 3.872999724192502047e+00 2.771269903962945591e+00 3.308815490161179262e+00 4.537064816544907231e+00 9.901796813382317541e-01 4.420743960358567648e+00 3.020295623933721973e+00 1.650353461678595313e+00 1.781827564862314972e+00 2.168865894289405905e+00 1.579059180434302156e+00 5.176304752628726469e-01 3.926895745220112310e+00 1.189270432296160029e+00 1.121896490040931393e+00 4.372275743560035011e+00 9.464039473878615993e-01 2.824213049915554663e+00 2.712469659274114875e+00 2.601843081318640394e+00 1.860382003760588931e+00 2.515487081238948264e+00 2.730816549880127564e+00 3.183638076750797463e+00 4.439276599003015633e+00 1.091798551890419189e+00 1.036734768592150191e+00 4.356576802594235076e+00 3.905680029457113012e+00 3.566383599933153015e+00 2.821955537722593998e+00 2.120890948217873273e+00 3.203946680661823088e+00 1.604306533546091540e+00 4.649445528300914177e+00 2.255793413684122672e+00 3.072621088315974358e+00 3.566706758835575641e+00 3.282318379137260322e+00
6.478562731959227605e-01 4.525298451514149001e+00 2.779203580268617912e+00 3.881371999576007870e+00 1.600248005153058761e+00 3.950636002625199428e+00 1.274593874586909870e+00 1.855315548826652616e-01 3.323781619304124302e+00 1.281778068446578711e+00 2.814686963629661420e+00 4.862424474243100647e+00 3.598125843355554743e+00 3.206246018935506648e+00 3.239104349479010825e+00 2.071602851910442133e+00 9.065865361103947473e-01 1.920440585007065160e+00 2.555554214557219872e+00 3.745270780422280232e+00 2.658821924636198819e+00 3.957198733082020858e+00 2.077775559539051908e+00 3.565435060338494555e+00 1.836698499379134208e+00 1.875008494630345801e+00 1.104162985944655784e+00 4.144655986288489302e+00 2.180936628183876458e+00 1.598942993782985766e+00 1.786844162991461316e+00 2.550555684682282997e+00 3.237897115782746305e+00 8.030850050688584929e-01 2.080726795409609586e+00 3.995837493125129480e+00 7.286820167194418829e-01 4.422553805476510114e+00 2.414782665267275696e+00 2.313902764820107372e+00 5.852179595666645584e-01 3.206429019844478923e+00 1.205788387831318476e+00 2.997702045014704275e+00 4.505762251604561897e+00 3.608719498211681476e+00 4.343199970491594009e+00 2.921309598129218088e+00 2.993774350226550141e+00 2.523900691292335630e+00 4.116991501849019741e+00 2.184843575997351017e+00 3.502099116404963741e+00 3.347985765379770662e+00 1.148123594458679619e+00 2.007150970088909858e+00 1.278769302576790445e-01 3.459876455933500239e+00 1.086547207117741998e+00 5.449100713642396343e-01 6.868253258351477708e-01 1.939618569086094979e+00 2.091159642642710370e+00 2.414330240396968641e+00 2.554837056632315750e+00 1.149091834875093143e+00 2.022495838955276515e+00 3.319862845905707793e+00 1.642116927071201271e+00 3.064332074809442474e+00 9.069929153674080036e-01 3.078875483362863541e+00 2.442868326157983105e+00 2.329322064581915708e+00 2.228281395690909328e+00 3.874457890994019493e+00 9.849443304095936158e-01 1.507537783890922301e+00 2.711509064895370802e+00 1.418108515644010748e+00 2.994677100730205321e+00 3.742300480699854770e+00 2.796537964919018293e+00 1.669720602838941081e+00 2.596992612196141970e+00 2.636307094766836556e+00 1.242483507897205852e+00 1.358992004895759775e+00 4.092654768576490021e+00 3.742458409182870760e+00 2.714228325820378096e+00 1.888878619048411922e+00 3.025568510853579696e+00 2.340389747663374820e+00 1.577081799523223360e+00 1.828301459168342413e+00 3.093387011889878302e+00 1.059604694368449840e+00 3.835694933107875570e+00 4.758899114965879917e+00
2.135390585889869630e+00 1.963471488732488446e+00 7.968116697573934815e-01 4.474117747923708421e+00 3.950636002625199428e+00 8.130846967244564905e-01 3.429264881316420599e+00 4.531243688282785342e+00 4.215610372291616947e+00 4.045978048663337212e+00 3.180496406616268423e+00 1.480345713775265359e+00 4.257839752904516217e+00 4.342582533116234877e+00 1.299623864640008231e+00 1.062974388485381283e+00 2.238807894465799642e+00 2.290545037608942014e+00 4.404824151240315899e+00 8.822436281719139295e-01 3.383822444425247156e+00 1.744131334246370457e+00 4.719977375034384970e+00 3.097834910932250718e+00 3.610269885409570723e+00 1.444893425261479125e+00 2.314871603937237232e+00 2.701406523238972124e+00 2.584208511606076897e+00 2.298391990640063831e+00 4.114328464795871554e+00 3.585302480731850761e+00 4.586363029814272352e+00 2.264880599721973198e+00 3.939131170518317404e+00 3.918490658702715290e+00 2.581212926365571647e+00 2.830508048598004756e+00 3.550669420270176069e+00 1.532949969152247682e+00 3.055563487509089349e+00 3.174997773259012668e+00 1.767834689026629880e+00 1.879718603044925107e+00 3.256106223458101745e+00 1.609471766487708955e+00 2.526382203910100266e+00 2.734413573683694310e+00 2.662346430027322963e+00 2.335032362524065430e+00 1.520744830221712141e+00 2.397012798137844847e+00 2.322771553080310802e+00 2.741201111582961314e+00 4.430523358830575020e+00 1.463116159933978366e+00 1.829243909935249546e+00 7.361706029490061587e-01 2.108835557050943610e+00 3.108158988842116166e+00 4.166044563951075475e+00 9.787098769537735388e-01 2.710570107101076154e+00 1.144180027476991324e+00 3.097967098109373651e+00 3.493858891044020254e+00 1.272479869671319541e+00 3.138596040932206677e+00 4.259626391241348564e+00 1.001506613636533594e+00 2.227000292335058251e+00 2.126610267842476532e+00 1.450306024191040377e+00 3.839535485585831687e+00 2.697944961689633825e+00 4.739748192540032434e+00 2.043318642433492816e+00 2.394111252991625083e+00 1.497768885635403890e+00 3.125841438319445942e+00 2.057153193434863692e+00 3.961033235920713214e+00 1.869263291035669461e+00 1.324720382194713775e+00 2.106721539617113947e+00 2.433683818737638394e+00 1.209708548484362600e+00 1.583251904064655768e+00 2.423506525657427524e+00 1.946716276410347390e+00 1.198507775176322010e+00 2.330421230021799683e+00 6.449120279116302701e-01 1.211567971431948498e+00 3.259905371262217688e+00 2.344093615090125926e+00 3.603734668361748383e+00 8.623224602597610033e-01 2.454906581503566443e+00 1.080870866501236538e+00
5.675466881009100240e-01 1.722433155168970664e+00 6.962050678569473572e-01 1.512507205145627198e+00 1.274593874586909870e+00 3.429264881316420599e+00 1.031668592028962550e+00 1.716559265056996075e+00 3.594460714059679152e+00 3.769595975919515674e+00 1.828971760897378562e+00 2.989131044529253600e+00 3.277989415243532711e+00 1.989614910203249210e+00 4.294372682689935772e+00 3.752611924397863952e+00 3.217263086176966325e-01 2.294259907093525008e+00 3.668929727158689147e+00 4.265832926257596469e+00 1.585652154517293244e+00 2.666321450838657903e+00 1.626273580854678436e+00 1.429039379966982048e+00 2.457121249319589751e+00 3.057189016312986674e+00 1.273466561651877660e+00 2.169195418135831943e+00 1.984983525062591792e+00 3.063787768290883839e+00 4.048591615914531872e+00 4.046636638843001066e+00 3.426104303662845574e+00 2.261616897562165995e+00 2.412988205867512725e+00 3.551987464970689956e+00 3.395820545039225369e+00 2.453843698935255446e+00 1.751192751852346907e+00 2.228449014139705753e+00 9.528648102969089484e-01 3.218454723033945086e+00 1.992529339474616190e+00 2.010840574777597478e+00 2.671856997165631409e+00 4.062838953626075167e+00 3.599291660210700350e+00 3.660415600477302078e+00 2.167569395540269728e+00 3.660686296618474778e+00 2.159296813240136004e+00 2.259762156162040458e+00 3.471703216184212515e+00 3.056057167004959219e+00 3.495704417814467391e+00 1.579282861785005210e+00 2.883679476625895965e+00 3.147245069897074199e+00 2.470356915276264331e+00 2.544131249673377226e+00 2.186155473082917133e+00 3.698863434879454903e+00 2.160830207492832500e+00 1.533543151264041615e+00 1.077140630202829019e+00 2.310831210109846268e+00 9.375571330339276255e-01 2.726507841013050992e+00 2.315104194838547791e+00 1.290186198054776856e+00 1.767320072120835750e+00 2.312391912684118367e+00 8.324990140320157606e-01 3.393763820308137724e+00 2.700020208817948131e+00 3.493440938198401735e+00 7.498562274161721941e-01 2.380092136236351408e+00 4.222326002363351982e+00 2.489647014021930005e+00 3.934026636111466857e+00 1.141114214782853686e+00 7.448029084082439244e-01 2.118180241696826283e+00 2.332739124864112501e+00 1.392932956132761690e+00 3.147693733799069804e+00 2.560071362222154701e+00 2.960851349381206532e+00 2.062617459434428646e+00 1.562095640474222558e+00 1.425367686882341722e+00 2.521825198774507726e+00 1.237058863479100879e+00 8.677754738242606791e-01 1.747855894140902366e+00 2.756149212082747546e+00 1.459675942505501034e+00 2.232919413382221663e+00 3.315226197818553988e+00
3.496913945816302771e+00 2.018436688413689062e+00 2.500265118254940688e+00 1.143427874700550628e+00 1.855315548826652616e-01 4.531243688282785342e+00 1.716559265056996075e+00 4.049372229273174639e+00 2.950522919176350456e+00 2.558300184804513044e+00 4.023558778637514877e+00 3.384693040779839013e+00 2.293697237317267046e+00 3.033922493042651158e+00 2.886346048732621128e+00 3.657829227436760977e+00 4.077439789025227412e+00 2.952662732940280588e+00 7.737319783825316044e-01 2.747020566264321673e+00 4.287627534440547450e+00 2.718440802328565997e+00 2.312094860414745767e+00 3.395467913519651049e+00 1.980914168587255109e+00 3.202446483480050787e+00 1.039854836117972470e+00 2.652125362046240831e+00 9.082468907117660084e-01 9.744531852884410483e-01 4.410564235209493700e-01 2.059072204529382777e+00 3.533882685904849552e+00 1.479447756232700861e+00 3.391146953814147658e+00 3.355525145848839763e+00 1.695381687708814145e+00 2.735160297991327649e+00 1.966634259709932664e+00 1.713531777285979052e+00 2.177838417695222795e+00 8.794866194158781347e-01 3.222459502709223322e+00 2.832033792385356463e+00 9.369231254498322503e-01 2.308802096362629896e+00 1.416761524781093406e+00 1.848163753034094192e+00 4.654800756006536311e+00 2.075080932258534627e+00 2.411114184407751271e+00 2.598316981216099553e+00 2.655597540939782952e+00 1.810285583201312276e+00 1.456777938748578416e+00 2.792087456795365519e+00 3.777262260545367845e+00 1.592340389057265604e+00 4.688189793230594482e+00 3.916455456988668704e+00 5.614333290110153918e-01 9.841512670842359478e-01 1.464254075551878920e+00 2.778217019624892536e+00 8.703001703746147122e-01 3.712571263190531212e+00 3.248294580608272142e+00 3.554622624054099234e+00 1.921000106766521887e+00 4.057928143770348939e+00 2.771818541008544412e-01 2.727993428428613587e+00 1.335312973042382279e+00 1.737145017502956801e+00 4.419908483933560284e+00 1.192148819008671978e+00 2.135116984878417057e+00 3.710713223580293096e+00 3.936513001446788174e+00 3.593040395705586754e+00 2.378284757171835295e+00 2.593882249922541128e+00 7.758391474675072619e-01 1.708609975596916630e+00 1.057759859143717396e+00 3.761583076840012918e+00 2.083148150060124326e+00 2.260176559866504675e+00 3.074666816924970014e+00 3.940011816593493421e+00 1.828952973213984867e+00 3.493650976045387324e+00 2.982102800674760523e+00 3.358075826180800583e+00 1.382277901850021307e+00 3.702807549990200009e+00 3.564068662860530701e+00 2.540092091705893118e+00 3.304655894336018029e+00 2.306850639237905565e+00
3.270884115141518222e+00 9.533430210147095796e-01 1.453374860032579541e+00 3.504753102878899185e+00 3.323781619304124302e+00 4.215610372291616947e+00 3.594460714059679152e+00 2.950522919176350456e+00 2.254196857020660527e+00 9.316536981801193384e-01 3.086273019553801511e+00 3.837296761249315846e+00 9.957233687123319132e-01 3.150730187900445678e+00 3.638126816147201126e+00 2.816857874798791794e+00 2.062468794138405670e+00 2.546476646919899611e+00 5.721774353902892019e-01 1.655322144959950226e+00 2.170549015405991433e+00 7.038412759560294107e-01 1.564293505382604810e+00 1.280017717668861854e+00 3.813578922733786847e+00 4.417061176549552215e+00 2.633306204554193730e+00 9.112639131571416140e-01 3.036003386444296126e+00 1.891041651315219951e+00 2.246561854996936614e+00 2.604733764043476452e+00 1.450169054073792818e+00 1.364902964832491072e+00 1.849660644990868796e+00 3.165783450189803894e+00 4.604924207331373864e+00 1.610024853055662231e+00 1.577344693118491792e+00 3.013266221346365015e+00 1.731979183554197110e+00 3.884804232179941863e+00 6.601703097567366285e-01 4.474308058969361568e+00 1.327005506464205453e+00 2.498629837582036384e+00 2.604103873980013084e+00 4.542818926977092886e+00 1.872890443307837716e+00 3.342377814467183406e+00 6.222353255644155201e-01 3.791391037778073514e+00 2.698598162276413692e+00 4.463697062027685014e+00 1.315341715307262405e+00 1.121988409592703295e+00 1.213968570545141512e+00 2.821574118774128781e+00 2.986311821304548531e+00 7.154478010693055001e-01 3.505901302775194406e+00 1.623172548624473910e+00 2.316626707527805529e+00 2.416773309599218766e+00 2.282129093934974762e+00 3.535389418047418797e+00 2.729526160003878932e+00 2.108485839547307172e+00 2.988724571472868075e+00 4.494011609450447864e+00 1.536384130794452130e+00 2.880576231831160960e+00 2.567910029495353630e+00 2.995062064438002825e+00 5.027540037429267805e-01 1.907104801410190342e+00 2.631056451662269424e+00 2.990757830885016233e+00 7.101207300298834069e-01 1.541868696761580670e+00 2.311461584085979570e+00 3.535507472831131981e+00 8.128100907427886490e-01 1.306395197900079852e+00 3.274098142441886239e+00 2.736219165020965072e+00 3.232492557010377077e+00 7.649479421870977180e-01 3.498764142516674891e-01 1.992251055994538333e+00 3.050991515099098716e+00 2.695864258332678176e+00 4.055316007473071416e+00 1.404793846265447232e+00 2.167284167142815132e+00 1.232990659659817467e+00 1.246289787377496516e+00 3.121921375149903088e+00 2.498460237849070342e+00 6.350579357841307226e-01
2.289897082355182079e+00 2.587802842565317674e-01 8.556087162682399772e-01 2.134684530579415984e+00 1.281778068446578711e+00 4.045978048663337212e+00 3.769595975919515674e+00 2.558300184804513044e+00 9.316536981801193384e-01 1.898462040836334630e+00 2.699299765394870487e+00 1.054898867906828297e+00 4.053183520017112684e+00 3.060591914844381645e+00 3.550796153413097400e+00 3.002524476693612332e+00 2.086194185366070819e+00 3.996635998400774881e+00 2.155003609682895060e+00 7.225030652472430592e-01 3.390097923928242718e+00 3.677381677411839078e+00 4.513305971345016765e+00 2.862695996872518300e+00 2.198037814163370740e+00 2.288898783788830826e+00 8.284174525170298065e-01 2.087357063603579199e+00 3.379523487995378161e+00 1.404575494220574150e+00 4.779796829813828807e-01 3.620554804216695288e+00 3.987372339297441393e+00 2.474821755104776866e+00 5.300752817700080666e-01 8.367534877941154026e-01 2.470793004731643983e+00 4.694147817516341803e+00 4.262908518743593889e-01 2.254319179476162116e+00 8.268391321326035159e-01 2.827648009567504506e+00 1.771118255888709081e+00 4.033028409391173241e+00 1.902882687607393652e+00 2.381175165411364869e+00 1.283905176245674351e+00 3.871914389357807629e+00 4.333838557287804427e+00 2.860225917669049878e+00 2.577158482014634711e+00 4.078277430736103604e+00 8.900720498368819289e-01 4.520863641487375517e+00 2.362161345359037767e+00 2.117809864224695637e+00 2.445553483739778322e+00 2.384878713033246722e+00 1.456110787905592785e+00 2.256499187139263451e+00 8.399939373448417346e-01 3.867296229196006241e+00 7.414335152140855145e-01 2.995237646357818306e+00 3.073459811234829253e+00 2.597120699261918020e+00 2.568495067151110423e+00 3.000988344655223017e+00 2.207183560895989327e+00 2.397791618481005749e+00 2.179757434927156456e+00 3.381858484055668690e+00 3.818087474020348537e+00 6.153848473237608641e-01 1.570749387691970256e+00 2.981781612112140323e+00 2.015715473220516252e+00 2.230527213558412214e+00 1.293189398841178228e+00 2.722647580510890286e+00 9.348877459730201567e-01 3.853309977036164291e+00 6.606481998266994227e-01 1.459191683083791657e+00 2.770371771158389507e+00 1.958563525748543643e+00 3.914729095398060466e+00 2.896020097609318000e+00 9.232830394533795282e-01 4.513790840392720938e+00 3.447380620297400888e+00 3.530250065649092939e+00 2.137909461685247869e+00 2.353966503810034361e+00 2.173449683961634626e+00 6.297277821055075053e-01 4.136353131780174053e+00 1.729321161860925882e+00 3.709567709828027748e+00 1.191073281530103500e+00
5.142935578360552373e-01 2.079131000730315648e+00 3.554199063107486012e+00 2.927990767787993498e+00 2.814686963629661420e+00 3.180496406616268423e+00 1.828971760897378562e+00 4.023558778637514877e+00 3.086273019553801511e+00 2.699299765394870487e+00 1.106047209098011130e+00 4.508752832468161387e+00 3.425601604806465694e+00 2.988541443829526023e-01 2.278540956381141847e+00 4.345585140329398577e+00 2.651636081721979288e+00 1.799925209203193877e+00 3.939477543223450340e+00 8.488754851900341958e-01 1.827584668575306326e+00 1.095151338553272957e+00 4.195895247433285569e+00 3.696175459707941702e+00 4.081351812234177423e+00 1.341679525691338082e+00 4.253452858363289124e+00 4.044228181134354116e+00 1.416101972655847252e+00 2.648330340670068228e+00 1.464665749482121360e+00 3.084895313444971254e+00 9.759356085186154939e-01 2.108261595040208825e+00 1.220361799059487939e+00 2.578919564891088534e+00 2.277838584262908750e+00 1.837628168661133765e+00 1.893418991863992762e+00 8.863993801806565598e-01 1.435409991503509008e+00 3.386606828986468365e+00 1.060589825982763967e+00 2.257401565376021768e+00 2.406839525312312489e+00 1.975681138234510081e+00 1.430500339818675304e+00 1.108426388340156166e+00 2.597272199213735089e+00 2.264370346117865918e+00 2.600503618369637948e+00 3.747528976734797013e+00 4.716884688942939441e+00 2.836499001037999790e+00 4.214258292247681226e+00 1.209990183834708244e+00 2.110393679847860859e+00 1.426700880018679118e+00 1.616035334502947229e+00 2.584594235455345057e+00 4.193426415159103193e+00 4.901432825867955145e+00 3.161972090237807897e+00 1.948837735224749235e+00 1.172845917396188931e+00 1.974787897223885702e+00 2.770795786568801322e+00 5.225524113608426280e-01 2.821543112336963866e+00 1.758274155156919871e+00 1.366977668014383696e+00 2.384852800539757567e+00 1.246025025468310510e+00 2.461848712567018538e+00 3.529768613705019042e+00 3.161752416451215186e+00 1.743771744658292100e+00 1.782684539465728690e+00 1.103359765776049883e+00 4.576529403537008100e+00 4.064382630062060464e+00 1.472573535777553788e+00 1.478978059502631393e+00 3.389680457676231828e+00 3.483043125735110213e+00 1.632318716268972292e+00 2.578857472510826199e+00 2.432510186907572702e+00 2.985598047642596953e+00 2.409905672022848666e+00 3.073480888555371493e+00 3.982362615595052446e+00 3.791636347500782822e+00 1.943886922075199974e+00 9.701208164665655609e-01 1.802648312275040743e+00 2.300498215561281423e+00 9.361983868326007041e-01 2.231725575171182641e+00 1.695681099204496833e+00
2.569381321813476671e+00 2.825809793487039201e+00 3.939202706640297258e+00 2.515521661343697257e+00 4.862424474243100647e+00 1.480345713775265359e+00 2.989131044529253600e+00 3.384693040779839013e+00 3.837296761249315846e+00 1.054898867906828297e+00 4.508752832468161387e+00 1.122202859183303314e+00 1.688011597880746395e+00 3.579477697384852775e+00 1.762148885598577408e+00 3.245523210160763838e+00 1.855910516112372566e+00 2.347026224352621426e+00 2.574931762026104742e+00 2.515414207777511901e+00 2.378503208310829287e+00 2.894167916580608235e+00 4.167585985267223236e+00 4.209346498525134095e+00 1.989487370543456368e+00 3.585805333988000054e+00 2.270167064249831168e-01 2.316034351958194293e+00 2.533259251403003454e+00 6.530690146165940568e-01 2.527632106830657754e+00 1.844744537649120275e+00 1.886729083456389011e+00 2.192281716678548431e+00 2.033348583721357183e+00 3.578684931037753869e-01 2.485520091786237895e+00 3.027991250640297061e+00 2.346288929401689760e+00 2.161015975009684009e+00 3.041478822172645202e+00 2.120219357774883573e+00 3.159009591079190216e+00 3.766530333887488702e+00 6.780392844934479690e-01 3.375698692764383502e+00 2.149643372211770931e+00 2.791201128105734952e+00 4.261311528090237388e+00 3.553218641157333657e+00 3.537417764273131482e+00 4.255211069347664576e+00 2.290607925200408346e+00 3.238026314437496112e+00 2.230214733975410368e+00 4.201155931582620795e+00 2.073425326840273364e+00 4.622994298245458822e+00 4.645050812572316445e+00 2.389581665632350749e+00 4.109097060327383311e+00 1.262822992009667855e+00 1.146093363336085247e+00 3.169407442073361114e+00 1.282477177797633816e+00 4.002039105264298513e+00 3.990574411341553329e+00 1.848865779067503157e+00 1.461456948452583005e-01 3.162229566691736160e+00 3.557081902272958729e+00 4.748678033518453745e+00 2.006454467550013110e+00 1.965996309134872888e+00 2.701736062110690728e+00 3.838672476122688249e+00 2.396716159147357583e+00 1.184331788132246377e+00 2.043858983246963579e+00 2.385444420663308751e+00 3.527907127200782700e+00 1.617716740418863042e+00 3.483453003802245540e+00 3.006756778688266962e+00 2.707894868886821627e+00 3.972270705287195280e+00 3.997253555700083893e+00 8.933373105622288701e-01 1.757288728905089581e+00 3.712796192594506994e+00 1.085771083214417398e+00 2.774856673112875427e+00 3.219686259592071220e+00 2.426943029974888866e+00 1.791791858245744606e+00 3.509617673830716988e+00 3.049399258201425322e+00 4.571358507380416825e+00 3.944813491397282768e+00 2.595689589567836908e+00
3.976764591823610751e+00 2.385711422003436333e+00 1.685212027578994576e+00 8.724024064124968891e-01 3.598125843355554743e+00 4.257839752904516217e+00 3.277989415243532711e+00 2.293697237317267046e+00 9.957233687123319132e-01 4.053183520017112684e+00 3.425601604806465694e+00 1.688011597880746395e+00 8.181191059583459158e-01 3.356004812259164360e+00 2.408579593246195749e+00 2.940733271859238052e+00 1.538347080417945101e+00 3.653152220357882562e+00 2.298894106515348312e+00 3.173984661563641563e+00 4.643252538987052702e+00 8.382068275473159025e-01 1.125853391607641196e+00 3.592906251269293527e+00 2.263292541463800323e+00 2.717112507583768988e+00 1.611045667911741308e+00 1.555776988792395343e+00 4.126445317516118649e+00 2.846697001007598260e+00 3.002189508003189289e+00 2.360018323173032506e+00 9.808948994109101260e-01 1.849749345284164015e+00 1.685231786344850491e+00 3.359673693007079187e+00 3.097266233048045603e+00 2.948640173117048402e+00 2.986787634877068776e+00 4.797613977742795632e-01 3.914467150233978288e+00 2.114977346739812969e+00 3.288166830695932852e+00 2.422822673869394983e+00 3.578645811849790803e+00 1.794105783621383843e+00 1.543546329468176381e+00 7.229334666933693310e-01 2.335191651802452029e+00 2.878023834192616981e+00 3.329712647594582631e+00 2.705786252130423009e+00 1.108821739858315114e+00 2.630233385871036500e+00 3.555096154620110305e+00 3.245019982046754237e+00 2.554460367682955813e+00 2.361194767892371260e+00 2.212644865845657005e+00 3.230983042317026488e+00 3.119851900724398774e+00 4.302112804127809831e+00 1.778330714029813908e+00 2.814868686311005064e+00 2.170481321478590964e+00 2.294894246587797948e+00 1.600764998283979113e+00 2.972097102421765058e+00 1.532105494074773810e+00 1.230568095743432844e+00 2.436639356682464452e+00 3.170407146980052993e+00 2.617652210948559599e+00 8.572496285345060363e-01 1.836635568464108248e+00 3.187469040513798979e-01 2.859902809251025246e+00 3.059332461103311473e+00 6.147261988288867940e-01 2.590954767811476600e+00 3.137121621690152296e+00 4.190518881456493538e+00 1.438716886079471013e+00 9.735378998314531129e-02 1.691834197283298646e+00 3.075782626707761480e+00 2.702575595195779723e+00 2.536881676231327987e+00 2.197369967792824674e+00 2.377603280596737090e+00 1.202053092076263319e+00 1.681862365759370093e+00 1.579650178637854063e+00 3.494472545538090280e+00 3.886310958876267208e+00 6.900547136721439934e-01 2.677225845304656904e+00 9.058076399062746642e-01 2.220709029723364480e+00 2.008569625214722265e+00
6.098131387597954811e-01 4.360831564520267101e+00 6.906014827800806000e-01 3.759861874947489024e+00 3.206246018935506648e+00 4.342582533116234877e+00 1.989614910203249210e+00 3.033922493042651158e+00 3.150730187900445678e+00 3.060591914844381645e+00 2.988541443829526023e-01 3.579477697384852775e+00 3.356004812259164360e+00 4.086488849812468516e+00 1.273512851519037481e+00 1.654525694682216441e+00 2.126841035128721913e+00 2.978474863811630069e+00 2.564373576537559707e-01 1.071654036243530284e+00 9.658715128193540167e-01 2.633835975302647014e+00 4.586484809165568777e+00 2.303681883474271608e+00 2.508504939221491981e+00 2.118320701938347650e+00 2.307554929601926652e+00 2.903594505122023328e+00 2.053518798273604951e+00 3.662603040631061013e+00 2.270805135974969691e+00 2.026483161510100661e+00 2.306010829603638790e+00 2.511743994833997462e+00 3.338049973220673206e+00 3.668248984046934336e+00 2.493186785693398022e+00 3.257294458452721919e+00 1.715421788261021430e+00 2.522518223156656969e+00 1.127795578669240628e+00 1.381249521188692375e+00 2.755033243612811766e+00 4.005756720968649987e+00 3.461315095003540954e+00 2.627938116773569810e+00 1.137371520469729003e+00 2.807882739203943601e+00 3.748575050763846228e+00 5.889179794522059197e-01 3.755887107076924192e+00 3.198852764540683236e+00 2.987019133240927715e+00 4.218290398391220108e+00 1.345815746348359765e+00 3.952609559555489760e+00 2.863392296539928772e+00 3.418590088286199702e+00 1.395762749214927378e+00 2.528184883465701915e+00 3.535582191602986590e+00 1.888717161697745617e+00 2.434190928888917860e+00 2.252499165990438978e+00 2.822918749626869506e+00 2.326624577248035841e+00 1.880414282495827427e+00 4.331942456444851430e+00 2.438068751992225280e+00 1.132256519446215304e+00 2.907291040229469381e+00 9.306358093672171261e-01 3.408746196392753003e+00 2.137152672606779547e+00 2.680914875161490407e+00 2.459020114963184067e+00 2.106230353299485714e+00 2.405225805217030555e+00 1.976853723118520145e+00 1.605626284610243371e+00 9.619042309792661394e-01 2.636110369020634003e+00 3.818056120176804846e+00 2.158087637345695420e+00 2.772299009753500521e+00 2.533051457941690288e+00 2.198912939086381968e+00 1.393663904431857947e+00 3.290217739666188024e+00 1.673573260273720997e+00 7.208170890466741865e-01 1.336325788569561634e+00 1.430321111572287807e+00 2.219052824247046640e+00 1.118493526703050023e+00 3.817747048442705626e+00 1.338147454361587219e+00 1.187859694188199811e+00 3.486117836869870867e+00 3.282967484073115116e+00
8.721671877701262510e-01 2.002557431996852877e+00 1.872126620702696975e+00 3.930955338944615907e+00 3.239104349479010825e+00 1.299623864640008231e+00 4.294372682689935772e+00 2.886346048732621128e+00 3.638126816147201126e+00 3.550796153413097400e+00 2.278540956381141847e+00 1.762148885598577408e+00 2.408579593246195749e+00 1.273512851519037481e+00 2.655847640005160049e+00 2.830959194946268909e+00 9.308636343167688842e-01 4.506842737887564732e-01 1.335926739399656560e+00 3.456214121206118595e+00 2.121441968129918809e+00 2.903818402533385523e+00 1.920609627801788344e+00 2.852900099902898390e+00 3.730213102173242312e+00 3.979278018823139362e+00 8.030253266592910499e-01 2.382913527846767909e+00 3.010513125670641443e+00 2.730529444512668213e+00 2.690080761708673052e+00 1.787165912615127805e+00 1.796111852527222164e+00 2.211329142816600868e+00 2.308473764578873322e+00 2.206302527796621504e+00 1.688301675720653483e+00 4.236974022058781486e+00 1.136778925932648843e+00 4.097949107861662554e+00 4.028541318408805694e+00 1.737031803621261306e+00 3.275940650176794477e+00 3.536726172272974367e+00 3.197327660942792527e+00 1.819203675109028584e+00 2.352914432883976392e+00 3.377475079883445197e+00 4.285141997238950395e+00 2.123693475853261514e+00 1.734154327411596253e+00 2.257632607204069775e+00 3.156650315110312022e+00 2.698921967652192944e+00 1.992038811531332554e-01 2.592906307738584992e+00 2.777069081662314254e+00 3.383333573518233717e+00 7.143596202972666287e-01 2.940394099967419184e+00 2.122053213454738962e+00 2.302438607288147754e+00 2.198582784336235108e+00 2.338420273763571533e+00 2.996426558419333919e+00 1.391727685421455307e+00 2.697553623409250090e+00 3.159842472633621391e+00 3.369749565815771231e+00 2.685631652736683250e+00 2.678199304449248253e+00 3.138917850270614984e+00 2.564923696818707022e+00 1.176364187778825787e+00 2.030721914276199414e+00 3.192652872325516533e+00 2.632813117289064753e+00 2.086653819926845621e+00 2.569330049300667440e+00 1.094826971700965323e+00 3.737269822083673532e+00 1.321116436792267868e+00 2.309876196385785896e+00 1.003758725863689971e+00 1.145253453132724530e+00 1.714446037231929898e+00 1.573064698985285226e+00 3.961466406043262722e+00 2.607948236964521271e+00 1.331244454293978752e+00 1.227503151368359413e+00 1.747854837557456964e+00 6.268216224607647824e-01 1.571148115940959711e+00 2.678127513546792571e+00 3.229962473014673208e+00 4.005446464002350382e+00 2.360520250712320411e+00 3.342232190448203077e+00 3.287073971728173394e+00
1.756215737474129845e+00 3.376606169543622027e+00 6.572278832580893404e-01 2.593055084299635826e+00 2.071602851910442133e+00 1.062974388485381283e+00 3.752611924397863952e+00 3.657829227436760977e+00 2.816857874798791794e+00 3.002524476693612332e+00 4.345585140329398577e+00 3.245523210160763838e+00 2.940733271859238052e+00 1.654525694682216441e+00 2.830959194946268909e+00 3.781437489071060032e-02 3.292404173381982879e+00 4.732242165299385128e+00 3.028355828553324081e+00 4.122763707497609786e+00 1.178407482225668490e+00 2.716350775069467982e+00 1.640934456564419275e+00 5.822748708679953422e-01 3.624722915760069775e+00 2.957897936126486549e+00 9.669132250698408981e-01 1.517726231228806011e+00 3.936632022028177857e+00 3.005521171196692265e+00 1.613394162061932091e+00 3.719509574913500760e+00 2.084254935933533837e+00 2.335770722833475865e+00 2.449324481876056225e+00 2.649628311927104463e+00 6.704164195936725967e-01 2.482493224321769887e+00 1.897675255100123914e+00 2.300796702848412867e+00 2.422185999156830416e+00 1.119588736325755285e+00 3.468449304211382422e+00 1.084290767309973313e+00 3.631427378174031162e+00 2.227277927331892560e+00 2.807337928856099118e+00 2.177702712265263241e+00 2.445520125869006023e+00 3.874101316773841397e+00 2.907873010647691103e+00 3.080955600797379734e+00 3.568500590483091983e+00 3.342578171581836344e+00 1.535918692736194302e+00 2.469805235944798838e+00 3.624550814040655489e+00 1.781538349200640692e+00 2.241217150610695708e+00 2.460590336437773473e+00 2.767242461872996717e+00 2.348173200137701588e+00 3.959240067191482026e+00 3.020547906428977303e+00 3.118521249612725477e+00 1.641600230745611011e+00 3.490109582847276570e+00 1.276606226724001925e+00 1.886851158075372403e+00 1.561312492545791297e+00 3.630633748870515376e+00 2.690244737011794562e+00 3.371323551475490454e+00 4.630366478963169108e+00 1.900364130722599132e+00 2.290727487135028717e+00 1.180116067655673229e+00 3.990257855035846291e+00 2.807599786535510233e+00 1.978743214289489849e+00 2.510468430023130360e+00 1.678423050275417605e+00 2.752565837736800525e+00 1.988597540616797943e+00 2.589358131629686977e+00 9.716053867901599528e-01 4.113810763824217176e+00 3.123860815662579782e+00 2.843784774322745346e+00 3.001230505641937274e+00 1.916707526637288606e+00 3.667277561567763300e+00 1.144527367071420443e+00 5.101038160964399548e-01 1.988026294459036780e+00 1.918510499382265699e+00 2.836021193843175858e+00 1.445675981833152157e+00 1.956134408901929467e+00 4.581647717574826473e+00
