1.872700594236812455e+00 4.033091476909745232e+00 2.128970469374266816e+00 2.304653540544479462e+00 1.242712478731737624e+00 9.999604092882155015e-01 2.168611919116782527e+00 3.905375879671582950e+00 2.473212344874326618e+00 4.008989515730615238e+00 1.994328525558098031e+00 3.308155200470118018e+00 4.466234170147860283e+00 1.131211823641173009e+00 2.237936382729132756e+00 2.914457816905100529e+00 3.106456749451439237e+00 2.736615291258885918e+00 3.541965544011125733e+00 1.204792152154271268e+00 2.049347874671016978e+00 3.762242232763057803e-01 2.728901318760493577e+00 2.656626547929578308e+00 3.106037496581469881e+00 3.340083330005382489e+00 2.041501751335254689e+00 1.837510128005930055e+00 2.153519933242850293e+00 2.293548841165208074e+00 3.686440870059717323e+00 2.498518723924752383e+00 2.587409097731375063e+00 3.288367680311828245e+00 3.192349330576407240e+00 2.260279759091556873e+00 1.924548453642721979e+00 2.372742679378699204e+00 2.090644699102012449e+00 3.104224014056477188e+00 2.696349082860647339e+00 1.839674054859437913e+00 3.339165517560857555e-01 4.285773504398879830e+00 1.112203498615735642e+00
4.033091476909745232e+00 1.558555380447054883e+00 3.083282021002014428e+00 2.663752252716614422e+00 7.458199419152902188e-01 4.856487956292510511e+00 3.963115545100738490e+00 3.371129714946147438e+00 3.845288922175004842e+00 2.467754143863120753e+00 3.700696211897304355e+00 1.680371534756978980e+00 2.005393742175062943e+00 3.027265425480049621e-01 3.051342921126159347e+00 1.251790479643835940e+00 1.131455244848890151e+00 3.977990487231549910e+00 2.989128532848808639e+00 7.937104438386890504e-01 1.423070717580170452e+00 6.945246376089247997e-01 3.742233629021166408e+00 1.036064018619592408e+00 2.690744847281941965e+00 2.148078823020168837e+00 2.949754648903989640e+00 2.197579068486127385e-01 4.032551322730055787e+00 3.552360689950112338e+00 3.269206441533452079e+00 3.005394675869379029e+00 4.198634188087718710e-01 1.886596050383820167e+00 1.815507107090120087e+00 2.216855029804825072e+00 1.708601173570857945e+00 1.348521348024962485e+00 3.122699434917294847e-01 3.176397415091738896e+00 2.656729203714385257e+00 2.127768886597455111e+00 2.597629468041253276e+00 2.892583656761352096e+00 3.187145587394149437e+00
2.128970469374266816e+00 3.083282021002014428e+00 3.803925243084487207e+00 3.160740391161684926e+00 4.239151995582809640e+00 2.217233302577877652e+00 3.474512869905244550e+00 1.502088346073488401e+00 1.209180043089029599e+00 2.968226961840070288e-01 1.139127987334276337e+00 1.785362620571913084e+00 1.357496966449473597e+00 1.593626032688379990e+00 3.548109790104397643e+00 1.617869570486541564e+00 1.192197976006017957e+00 4.080791938261995710e+00 8.836521167372233254e-01 1.372617137346980432e+00 1.177967220008913518e+00 2.653099822755273784e+00 3.004606973931339020e+00 3.832217877732945865e+00 2.627461330738379619e+00 3.199784508146040984e+00 3.588714009789457204e+00 2.167673402401872451e+00 3.007302393533878959e+00 3.352675812463606242e+00 3.115138935884132376e+00 2.862013931277807899e+00 2.476513982992475160e+00 2.013797828043847549e+00 2.360214591912837889e+00 2.672698222673806079e+00 3.450778954501007245e+00 4.478314494750648578e+00 1.969284291499076467e+00 2.496503366259820389e+00 1.926656029127107761e+00 1.048945750826669077e+00 2.299840840082105764e+00 2.906661453959225039e+00 3.502741476626029637e+00
2.304653540544479462e+00 2.663752252716614422e+00 3.160740391161684926e+00 1.818148011896469907e+00 4.622803590254854100e+00 4.636234625298061296e+00 2.912557120954589074e+00 1.634213871408678909e+00 2.116237747831761773e+00 2.975556176991828394e+00 2.358103331123171831e+00 3.959897854115158378e+00 2.935949269086795432e+00 4.488114755194044792e-01 2.026899873754818060e+00 4.694340798105056223e+00 2.451706349892578629e+00 1.217441552017826334e+00 3.525736607237338394e+00 3.876228968433042876e+00 2.062742081202981304e+00 3.865064062420984659e+00 3.379625705494511578e+00 7.574847119783550964e-01 4.018336640435060225e+00 1.851179124328917958e+00 2.230273529144348288e+00 3.220102312605074957e+00 2.477487082891399517e+00 1.074349906493035967e+00 3.901400390010936192e+00 2.344812628939414889e+00 1.575671824261063447e+00 1.073333107062774072e+00 2.158792359804438732e+00 3.211645994827658335e+00 2.435532783583090666e+00 1.571148640461892843e+00 1.715740497418145161e+00 1.887272472717383520e+00 1.177255025731616778e+00 3.944656595779338915e+00 1.476927452323590684e+00 3.587464177500470086e+00 1.551224540578371114e+00
1.242712478731737624e+00 7.458199419152902188e-01 4.239151995582809640e+00 4.622803590254854100e+00 1.289708138575778040e+00 3.227806680078604717e+00 3.321411497655384348e+00 2.013609274410144145e+00 3.677788467831328845e+00 8.328474192164631029e-01 5.107506252801263802e-01 4.708566256082324486e+00 3.796365744053065594e+00 1.962510376963905845e+00 1.115504505971191884e+00 3.036791751266602724e+00 3.251071980125378236e+00 4.295918911561475539e+00 4.392456965818114512e+00 2.113960463214940688e+00 2.658640491866964162e+00 1.703882667913392712e+00 1.306506527586601241e+00 3.034611315894224060e+00 3.877902704877500550e+00 6.723770884423896366e-01 1.838693114914108806e+00 2.341903240265662767e+00 4.170530938579830593e-02 2.439082912910027101e+00 2.588506826978222541e+00 3.496681036445347779e+00 3.800258784700264680e+00 1.682407330207726259e+00 2.814320807182218331e+00 1.959866250527175335e+00 1.251756601292318472e+00 3.909852784023039263e+00 1.769491736381726188e+00 3.492957248669677384e+00 2.518290305115482131e+00 3.035298539976694077e+00 1.621899292825947025e+00 1.111935205484411826e+00 9.967058502441730194e-01
9.999604092882155015e-01 4.856487956292510511e+00 2.217233302577877652e+00 4.636234625298061296e+00 3.227806680078604717e+00 3.974056517708242087e+00 2.510383469480979457e+00 2.815326373331198617e+00 2.196550829049095377e+00 1.286391563471148469e+00 3.037693048880910851e+00 2.447335191151502443e+00 9.561967111607357905e-01 1.960748671391444820e+00 1.561307615576259078e+00 4.393826638255485584e+00 4.489393384402148968e+00 2.563740317939139146e+00 2.222491893453791167e+00 1.977460583059694965e+00 4.552475684161750635e+00 2.571752521877419539e+00 2.645592230925759569e+00 3.757778173661475041e+00 3.301027416793074654e+00 2.544672514395426521e+00 2.312707770794451889e+00 4.505000584418167975e+00 9.734222323770913565e-01 6.240189826769191317e-01 3.575561251350026559e+00 2.757991705154327011e+00 2.182948965305897104e+00 2.019013252409231018e+00 5.476564677692902228e-01 2.117385807037862833e+00 4.200146852312322210e+00 1.301768271782760333e+00 3.782989923833759427e+00 3.329376016219790735e+00 3.788555372338465510e+00 2.457306325586070095e+00 3.588888450041959999e+00 1.045105201159335806e+00 9.354833950540450971e-01
2.168611919116782527e+00 3.963115545100738490e+00 3.474512869905244550e+00 2.912557120954589074e+00 3.321411497655384348e+00 2.510383469480979457e+00 3.991475894833875770e+00 3.411399633694568667e+00 4.157893602704043623e+00 4.364636591217264439e+00 2.253397466462463417e+00 2.185228807989140432e+00 1.222851362098932526e+00 1.837141711610209116e+00 2.777243518627992902e+00 7.346127521042047359e-01 1.513425986896874020e+00 3.472742316105236871e+00 2.194541719683034131e+00 2.610305238292595753e+00 2.119859529193726111e+00 1.755962158238674853e+00 4.349785340304753056e+00 2.877284515625566197e+00 1.851179754656481213e+00 2.545297487833938277e+00 3.874597370624385917e+00 9.171972981943584680e-01 2.538460080564212795e+00 2.450410302635739335e+00 2.380958962949665469e+00 1.747434619641164089e+00 3.083152684590677595e+00 2.526704232818866913e+00 2.268101708143354323e+00 3.416895188420123297e+00 1.793085092400629410e+00 3.002326983465788413e+00 2.132416889412675598e+00 2.787973335004225284e+00 2.750855079440126083e+00 2.236008300777208024e+00 1.603340484189091475e+00 3.242216833434964585e+00 3.909798568714927924e+00
3.905375879671582950e+00 3.371129714946147438e+00 1.502088346073488401e+00 1.634213871408678909e+00 2.013609274410144145e+00 2.815326373331198617e+00 3.411399633694568667e+00 3.300986883588656440e+00 2.963211347255016559e+00 4.763681069001875379e+00 3.016393896724737012e+00 2.159704171994321076e+00 3.208234854567879601e+00 1.503700367067336785e+00 1.225503732839717808e+00 1.317150665103318463e+00 3.882783555810648046e+00 3.547053774043457119e-01 1.287688360942616184e+00 1.425982278373332024e+00 9.563653850421152125e-01 2.577079656586142242e+00 2.101191225747462532e+00 1.982315830048487992e+00 6.621702668576917583e-01 1.431655227561200672e+00 1.451131024018810223e+00 1.513841677381542850e+00 2.284476209887741582e+00 2.365242776377774359e+00 2.593927562314179980e+00 1.679412694502966819e+00 2.208548248550386894e+00 1.504705604724056567e+00 3.267444424198047592e+00 2.744031484415652145e+00 3.480793814153508414e+00 3.816875804315988496e+00 2.144924139849957001e+00 4.216283204616860791e-01 2.069037115184459097e+00 2.219703267262644442e+00 1.934500789722198411e+00 4.312818046341062583e+00 2.679838325577946989e+00
2.473212344874326618e+00 3.845288922175004842e+00 1.209180043089029599e+00 2.116237747831761773e+00 3.677788467831328845e+00 2.196550829049095377e+00 4.157893602704043623e+00 2.963211347255016559e+00 9.789556739464821966e-01 1.606997972496128968e+00 3.927031926481600044e-01 2.080042113396245895e+00 1.536876654149304411e+00 2.571685141850550416e+00 8.510796985240247636e-01 2.469047125545480448e+00 2.616256577542997341e+00 1.051398065740482890e+00 2.173075303527418178e+00 1.806543804279070020e+00 9.439706526323718982e-01 4.027872778222776340e+00 3.947950501501716225e+00 3.758408474910154951e+00 4.315599174852156494e+00 2.559160330836649511e+00 2.607656187683336402e+00 2.802638659868303961e+00 3.376588249400405140e+00 4.060331273074394787e+00 3.168332348089312411e+00 2.872549229942667370e+00 3.291580763167016421e+00 2.124022211276101135e+00 1.305604719871611863e+00 3.568810461156835423e+00 2.387723003724328663e+00 3.087298568731598802e+00 4.336374982637277498e+00 3.106960027766151100e+00 6.930830104250423895e-01 4.372668113424611924e+00 2.151592352833991306e+00 3.835346002121643672e+00 1.892250759114478154e+00
4.008989515730615238e+00 2.467754143863120753e+00 2.968226961840070288e-01 2.975556176991828394e+00 8.328474192164631029e-01 1.286391563471148469e+00 4.364636591217264439e+00 4.763681069001875379e+00 1.606997972496128968e+00 3.159186060848996114e+00 1.418158595615979234e+00 2.444854860629859683e+00 2.752457342763888093e+00 3.923267164957625397e+00 2.824146731355756668e+00 4.302387582133585298e+00 2.383185214150645770e+00 2.221253672070609753e+00 2.074043865871205927e+00 1.145804552229925832e+00 2.323053226227505874e+00 2.150752565663625049e+00 3.334274889290639088e+00 3.092231901970664332e+00 8.718467945276231479e-01 2.065626114281079673e+00 3.256943025983956463e+00 2.594863450605958466e+00 9.819631370802337500e-01 1.341062726583243769e+00 3.233298650131205321e+00 1.841418834964996698e+00 3.762770218950005408e+00 3.274227051344685613e+00 1.516280410772399723e+00 2.681558085750197939e+00 3.592526286898401366e+00 2.910753080157954198e+00 1.524555628207041380e+00 2.407120579878716971e+00 2.614110567743139768e+00 4.762318993656062815e+00 3.842924924360847427e+00 2.912186375508305503e+00 2.032522363377663677e+00
1.994328525558098031e+00 3.700696211897304355e+00 1.139127987334276337e+00 2.358103331123171831e+00 5.107506252801263802e-01 3.037693048880910851e+00 2.253397466462463417e+00 3.016393896724737012e+00 3.927031926481600044e-01 1.418158595615979234e+00 5.876312338855244066e-01 2.029568103652387379e+00 3.165520950943541578e+00 2.643326013400079777e+00 2.455609365630670560e+00 2.329083681344084944e+00 1.124944710532134184e+00 2.546291388845585146e+00 2.566123217793659705e+00 3.807157176872073112e+00 1.506123543011560262e+00 3.382543387392840994e+00 5.707321019729894029e-01 3.767515754700939468e+00 3.676082208053563782e+00 2.672739139024001176e+00 2.591971421485983473e+00 2.980950580163515440e+00 4.160711054364103489e+00 2.916688848416684188e+00 3.854404959379883699e+00 2.925948911836077748e+00 2.379289571940501169e+00 3.239427196597699066e+00 3.233401434113832629e+00 2.593994407619304887e+00 2.004024273091759678e+00 1.464105821725677714e+00 2.731652131909387382e+00 3.037349276952440391e+00 2.789898681217628074e+00 2.180934044937245631e+00 2.079019242782873533e+00 1.763475540413426579e+00 3.073028259827729869e+00
3.308155200470118018e+00 1.680371534756978980e+00 1.785362620571913084e+00 3.959897854115158378e+00 4.708566256082324486e+00 2.447335191151502443e+00 2.185228807989140432e+00 2.159704171994321076e+00 2.080042113396245895e+00 2.444854860629859683e+00 2.029568103652387379e+00 4.554635922469212339e+00 4.186796858104273156e+00 4.043394129532377868e+00 2.619496684928845909e+00 2.962569713514224379e+00 3.082044391305002407e+00 2.904949696466637032e+00 2.176739781262527984e+00 5.011472900922547824e-01 7.360765383003207152e-01 2.238452680402217787e+00 3.381135695400477204e+00 3.050589010171445459e+00 2.000158850239741604e+00 3.613344073502259945e+00 1.806907556674269166e+00 3.418771989443493808e+00 4.255603300812282441e+00 3.411828414118127650e+00 1.698388372001592206e+00 3.147474878267155773e+00 2.228135780329800308e+00 1.689664606651354095e+00 2.428998248374492519e+00 3.770113907944178333e+00 3.368222993812781674e+00 2.693890300312894226e+00 1.692041612562640740e+00 3.765861231420775113e+00 4.272845980260409959e+00 4.011723298559224382e+00 6.314442882152759839e-01 2.226857833163959910e+00 7.201689570521213613e-01
4.466234170147860283e+00 2.005393742175062943e+00 1.357496966449473597e+00 2.935949269086795432e+00 3.796365744053065594e+00 9.561967111607357905e-01 1.222851362098932526e+00 3.208234854567879601e+00 1.536876654149304411e+00 2.752457342763888093e+00 3.165520950943541578e+00 4.186796858104273156e+00 2.759534193872427821e+00 1.833144606842540325e+00 2.720254024137224391e+00 1.708654899681703032e+00 1.998031122867102161e+00 1.877588111766013146e+00 2.721591068411908232e+00 2.005594204621839793e+00 3.320571689870893906e+00 6.498253207099143891e-01 2.523293278657944949e+00 9.736361806104987249e-02 2.395810884213640080e+00 2.712660534671518242e+00 2.562164845584200989e+00 1.779225310930997894e+00 4.210024208467745055e+00 2.699612471946580605e+00 2.842390181808234217e+00 3.973307914227990789e+00 3.163619416999970735e+00 2.713951860071114552e+00 3.574189820939122075e+00 3.384598479404835825e+00 2.029963013540639682e+00 3.323919509816639639e+00 1.988478601617834407e+00 1.835656294169312197e+00 1.810455461408163380e+00 3.601430181399043029e+00 3.134022135052408675e+00 1.190510342484480288e+00 3.109065009485917574e+00
1.131211823641173009e+00 3.027265425480049621e-01 1.593626032688379990e+00 4.488114755194044792e-01 1.962510376963905845e+00 1.960748671391444820e+00 1.837141711610209116e+00 1.503700367067336785e+00 2.571685141850550416e+00 3.923267164957625397e+00 2.643326013400079777e+00 4.043394129532377868e+00 1.833144606842540325e+00 9.614450940433538761e-01 9.209149211109837196e-01 2.346069990660253346e+00 2.004139409502694757e+00 2.242617552057053043e+00 1.217178068369997312e+00 2.456053730285295167e+00 2.175476050559915553e+00 9.315427179046797956e-01 2.741236868644091551e+00 3.433790361889466958e+00 3.007708349114684765e+00 1.299746792919367344e+00 4.328596261047650273e+00 4.029695093626839864e+00 3.034446432430726315e-01 2.388021515343417001e+00 3.881081551560834342e+00 1.616080810629039632e+00 2.118718486965083692e+00 2.964967649930727589e+00 2.512056185212555359e+00 1.531801585704980262e+00 2.511998210316098934e+00 1.359991544444726586e+00 1.463921990504170045e+00 2.485357641690163266e+00 9.746465015017129474e-01 3.261333172558023463e+00 1.956955732684988902e+00 9.121898912497735656e-01 9.694775665542656462e-01
2.237936382729132756e+00 3.051342921126159347e+00 3.548109790104397643e+00 2.026899873754818060e+00 1.115504505971191884e+00 1.561307615576259078e+00 2.777243518627992902e+00 1.225503732839717808e+00 8.510796985240247636e-01 2.824146731355756668e+00 2.455609365630670560e+00 2.619496684928845909e+00 2.720254024137224391e+00 9.209149211109837196e-01 5.988106590962560816e-01 2.693927573243545925e+00 2.381057344193878045e+00 3.300624880074467526e+00 3.316417103863153137e+00 3.611394152656724810e+00 1.597418672348509983e+00 3.187850395612295884e+00 3.483505664705822014e+00 1.916772212586792978e+00 1.655823394868595200e+00 1.799970218637703345e+00 9.657140844735092600e-01 1.931040756784195178e+00 2.816060471473575078e+00 1.577825971648689318e+00 2.723024370782818337e+00 4.636966323265595769e+00 1.590404697634310027e+00 2.751401103269549342e+00 2.661773369644959253e+00 2.176142262106270930e+00 2.932838869659901704e+00 2.139081155405043511e+00 2.196820914363594390e+00 1.698928618159706083e+00 6.388631569279554778e-01 4.063140254470095414e+00 2.064918820982185821e+00 2.396326889360325119e+00 2.904429782546768202e+00
2.914457816905100529e+00 1.251790479643835940e+00 1.617869570486541564e+00 4.694340798105056223e+00 3.036791751266602724e+00 4.393826638255485584e+00 7.346127521042047359e-01 1.317150665103318463e+00 2.469047125545480448e+00 4.302387582133585298e+00 2.329083681344084944e+00 2.962569713514224379e+00 1.708654899681703032e+00 2.346069990660253346e+00 2.693927573243545925e+00 1.618396182021218266e+00 3.256592448573812693e+00 3.003897057878887722e+00 2.905663372069601902e+00 1.220365352547391202e+00 2.616866428942373091e+00 9.285730529134555988e-01 3.100053970333323861e+00 2.572660969896004346e+00 1.644170334650814302e+00 3.393175996191837740e+00 2.472630060147195330e+00 3.076758704682637457e+00 5.983621383928727777e-01 7.761955112072854712e-01 2.803819793793012494e+00 1.320487637528727998e+00 4.352057853404032173e+00 1.934306099749954821e+00 2.912620922359634879e+00 3.631660028035140542e+00 2.075702056158244879e+00 2.044189787719859819e+00 1.185331780693328119e+00 2.020787587372455008e+00 4.743472947732140454e+00 4.017667135718633986e+00 2.918768677079374818e+00 5.322441329129048437e-01 3.469556578676959546e+00
3.106456749451439237e+00 1.131455244848890151e+00 1.192197976006017957e+00 2.451706349892578629e+00 3.251071980125378236e+00 4.489393384402148968e+00 1.513425986896874020e+00 3.882783555810648046e+00 2.616256577542997341e+00 2.383185214150645770e+00 1.124944710532134184e+00 3.082044391305002407e+00 1.998031122867102161e+00 2.004139409502694757e+00 2.381057344193878045e+00 3.256592448573812693e+00 1.962225537113176932e+00 3.398309707047933337e+00 1.963702257340449009e+00 1.619222756421153431e+00 1.892863863028810156e+00 2.261324959076325580e+00 3.599714861735258786e+00 2.579143810299227901e+00 1.131747260542481648e+00 3.118459452941903631e+00 2.679442359185062017e+00 1.933768667512687056e+00 2.871292817067685910e+00 1.959456690067951090e+00 2.081807513476131355e+00 2.629379357528007777e+00 3.293087010257447211e+00 2.035218730717042845e+00 2.363161556096363469e+00 4.463202957431210649e+00 2.548471679344554097e+00 3.772678232090591166e+00 3.508286778001868278e+00 3.934034387653968956e+00 1.117799143025428599e+00 2.419709763691549220e+00 3.016406549834615092e+00 2.411395613209720512e+00 2.475367639548093468e+00
2.736615291258885918e+00 3.977990487231549910e+00 4.080791938261995710e+00 1.217441552017826334e+00 4.295918911561475539e+00 2.563740317939139146e+00 3.472742316105236871e+00 3.547053774043457119e-01 1.051398065740482890e+00 2.221253672070609753e+00 2.546291388845585146e+00 2.904949696466637032e+00 1.877588111766013146e+00 2.242617552057053043e+00 3.300624880074467526e+00 3.003897057878887722e+00 3.398309707047933337e+00 1.258995294534763776e+00 1.731622988500367999e+00 2.063993150101103513e+00 4.642259670739462329e+00 2.071852261118603433e+00 3.125117670822397997e+00 3.502683755392572262e+00 2.834304004390174381e+00 2.078418889187859442e+00 1.635167227804922740e+00 1.797483457273873153e+00 3.995292071754485974e+00 2.224734376032605709e+00 4.452891074024480922e+00 3.004669735001504804e+00 3.104116423416138915e+00 1.805732224208319803e+00 3.681814808333893740e+00 2.089082309418809569e+00 7.623876406116969484e-01 3.043151093780362970e+00 4.008529750589581830e+00 3.290538400606551228e+00 3.764168458657141336e+00 2.779489460596804129e+00 3.233773160522152246e+00 2.622661663669677345e+00 4.554901554929410845e-01
3.541965544011125733e+00 2.989128532848808639e+00 8.836521167372233254e-01 3.525736607237338394e+00 4.392456965818114512e+00 2.222491893453791167e+00 2.194541719683034131e+00 1.287688360942616184e+00 2.173075303527418178e+00 2.074043865871205927e+00 2.566123217793659705e+00 2.176739781262527984e+00 2.721591068411908232e+00 1.217178068369997312e+00 3.316417103863153137e+00 2.905663372069601902e+00 1.963702257340449009e+00 1.731622988500367999e+00 3.687506240548741765e+00 2.152380279969758892e+00 2.470526542749357013e+00 2.104337825436674692e+00 9.763125730974645533e-01 2.437925555699721691e+00 3.194880615765582466e+00 2.461643533750847546e+00 3.039523670037290515e+00 9.838199550028612350e-01 1.807709732948891812e+00 2.128695688193936508e+00 4.819439136464390150e-01 1.801560570265063665e+00 9.842777981686714472e-01 3.255795362739028587e+00 4.801881515198302974e-01 1.296834432777975055e+00 2.694582925592547529e+00 4.548387038700770546e+00 3.290413199593153593e+00 3.876799259559930100e+00 1.729350115606728133e+00 3.237468473240290301e+00 1.342093023584162159e+00 4.084293509199758532e+00 6.554859040831537698e-01
1.204792152154271268e+00 7.937104438386890504e-01 1.372617137346980432e+00 3.876228968433042876e+00 2.113960463214940688e+00 1.977460583059694965e+00 2.610305238292595753e+00 1.425982278373332024e+00 1.806543804279070020e+00 1.145804552229925832e+00 3.807157176872073112e+00 5.011472900922547824e-01 2.005594204621839793e+00 2.456053730285295167e+00 3.611394152656724810e+00 1.220365352547391202e+00 1.619222756421153431e+00 2.063993150101103513e+00 2.152380279969758892e+00 1.269317783017243073e-01 7.406644328316072112e-01 2.511664914045243613e+00 2.870872263883229358e+00 2.562575257592052402e+00 1.430243552749198788e+00 1.245257666893731852e+00 3.450162080610025050e+00 1.678443407825622957e+00 1.507491838589824829e+00 4.439453352980802237e+00 1.040219967445528138e+00 2.959789089632266723e+00 2.242670628198458971e+00 1.199092528863005658e+00 2.190808916483691249e+00 3.616514372461000715e+00 4.456743590076452932e+00 2.406861343272100218e+00 2.531007419623664489e+00 3.637471307064853221e+00 1.467309837671792128e+00 3.194543674463803384e+00 2.613059672133910993e+00 2.528373587259214350e+00 9.192390138691705070e-01
2.049347874671016978e+00 1.423070717580170452e+00 1.177967220008913518e+00 2.062742081202981304e+00 2.658640491866964162e+00 4.552475684161750635e+00 2.119859529193726111e+00 9.563653850421152125e-01 9.439706526323718982e-01 2.323053226227505874e+00 1.506123543011560262e+00 7.360765383003207152e-01 3.320571689870893906e+00 2.175476050559915553e+00 1.597418672348509983e+00 2.616866428942373091e+00 1.892863863028810156e+00 4.642259670739462329e+00 2.470526542749357013e+00 7.406644328316072112e-01 4.342339879489563792e+00 2.107759786786156830e+00 2.789404171784234165e+00 2.876417678497563468e+00 1.207640452581574486e+00 2.252748236688188577e+00 8.400699021342944439e-01 2.275401395961570206e+00 3.129084885360665869e+00 1.486958693010772770e+00 2.776877920286159096e+00 4.428839822735651133e+00 3.445666465894276165e+00 2.311282407998965560e+00 2.807706570137401325e+00 2.126735608814445122e+00 1.395869517070065680e+00 4.440783222082803405e+00 1.060011759191882064e+00 2.229808428155665823e+00 1.199356207206902836e+00 3.728915172532280664e+00 2.392561509605197756e+00 4.407137837626898147e+00 1.170317388741272779e+00
3.762242232763057803e-01 6.945246376089247997e-01 2.653099822755273784e+00 3.865064062420984659e+00 1.703882667913392712e+00 2.571752521877419539e+00 1.755962158238674853e+00 2.577079656586142242e+00 4.027872778222776340e+00 2.150752565663625049e+00 3.382543387392840994e+00 2.238452680402217787e+00 6.498253207099143891e-01 9.315427179046797956e-01 3.187850395612295884e+00 9.285730529134555988e-01 2.261324959076325580e+00 2.071852261118603433e+00 2.104337825436674692e+00 2.511664914045243613e+00 2.107759786786156830e+00 3.595229525921227243e+00 3.211974309049554943e+00 3.333982323070060261e+00 3.612882580849777536e+00 3.652742967423940446e+00 3.797500498752578224e+00 3.992325867624717972e+00 2.293513372837151731e+00 5.332526268749598897e-01 1.108102492523287186e+00 1.586053678421911250e+00 1.756646976314355957e+00 2.691346541071421683e+00 2.996136672658050948e+00 1.521011393441916715e+00 4.032363745305607594e+00 2.573388609117915671e+00 1.747584045068618197e+00 3.540808655725363518e+00 1.542194335914012226e+00 1.828940330561869221e+00 3.278695251079867035e+00 2.222418081935745526e+00 2.665202791865498799e+00
2.728901318760493577e+00 3.742233629021166408e+00 3.004606973931339020e+00 3.379625705494511578e+00 1.306506527586601241e+00 2.645592230925759569e+00 4.349785340304753056e+00 2.101191225747462532e+00 3.947950501501716225e+00 3.334274889290639088e+00 5.707321019729894029e-01 3.381135695400477204e+00 2.523293278657944949e+00 2.741236868644091551e+00 3.483505664705822014e+00 3.100053970333323861e+00 3.599714861735258786e+00 3.125117670822397997e+00 9.763125730974645533e-01 2.870872263883229358e+00 2.789404171784234165e+00 3.211974309049554943e+00 4.720296698433066318e+00 1.103394312444370140e+00 3.973402643697785397e+00 3.959250380185228124e+00 1.316146005200725666e+00 2.602887843110466726e+00 3.687842452687390082e+00 2.059111214320695105e+00 3.879513401541047735e+00 1.048647303456443858e+00 2.577473064211302844e+00 3.761651979730615825e+00 4.408638371350559915e+00 1.384083964116125998e+00 3.457501570653389145e+00 3.329028293385015491e+00 2.115354842887268383e+00 3.166296495515173337e+00 1.630051506885898061e+00 1.902711735528725301e+00 3.065857937287375989e+00 1.354537347678377079e+00 2.458019455375614282e+00
2.656626547929578308e+00 1.036064018619592408e+00 3.832217877732945865e+00 7.574847119783550964e-01 3.034611315894224060e+00 3.757778173661475041e+00 2.877284515625566197e+00 1.982315830048487992e+00 3.758408474910154951e+00 3.092231901970664332e+00 3.767515754700939468e+00 3.050589010171445459e+00 9.736361806104987249e-02 3.433790361889466958e+00 1.916772212586792978e+00 2.572660969896004346e+00 2.579143810299227901e+00 3.502683755392572262e+00 2.437925555699721691e+00 2.562575257592052402e+00 2.876417678497563468e+00 3.333982323070060261e+00 1.103394312444370140e+00 2.399378101519544337e+00 3.888144366033957411e+00 4.310647108201451694e+00 4.012497467416930697e+00 4.341167104448100389e+00 1.068844073966293662e+00 2.700161944444865902e+00 3.074650395092315414e+00 1.727440435129344198e+00 1.920798544336076663e+00 2.406318126085552844e+00 2.928613637506224165e+00 9.549159251310515018e-01 2.142983597631674009e+00 1.620865318468348359e+00 1.109893296559463227e+00 3.105982529455206809e+00 3.006017285934126093e+00 1.290138551535608968e+00 2.619892032999795450e+00 2.136078131433241989e+00 2.998768459499328909e+00
3.106037496581469881e+00 2.690744847281941965e+00 2.627461330738379619e+00 4.018336640435060225e+00 3.877902704877500550e+00 3.301027416793074654e+00 1.851179754656481213e+00 6.621702668576917583e-01 4.315599174852156494e+00 8.718467945276231479e-01 3.676082208053563782e+00 2.000158850239741604e+00 2.395810884213640080e+00 3.007708349114684765e+00 1.655823394868595200e+00 1.644170334650814302e+00 1.131747260542481648e+00 2.834304004390174381e+00 3.194880615765582466e+00 1.430243552749198788e+00 1.207640452581574486e+00 3.612882580849777536e+00 3.973402643697785397e+00 3.888144366033957411e+00 4.974539113232176568e+00 2.602973625448224304e+00 1.104960131787928956e+00 2.359409978518030915e+00 2.556204815744460124e+00 1.630229056982485103e+00 2.657660498484487377e+00 2.895788973411414169e+00 3.058078351483223933e+00 3.254644211088854711e+00 2.052549266976589237e+00 3.685692706254823481e+00 4.515281737844287213e-01 4.105676658833440129e+00 9.907760483222638470e-01 2.425966251771817017e+00 3.831630833525269786e+00 4.204078520537622765e+00 3.276845620549982740e+00 3.987919232012774984e+00 2.317979266919131920e+00
3.340083330005382489e+00 2.148078823020168837e+00 3.199784508146040984e+00 1.851179124328917958e+00 6.723770884423896366e-01 2.544672514395426521e+00 2.545297487833938277e+00 1.431655227561200672e+00 2.559160330836649511e+00 2.065626114281079673e+00 2.672739139024001176e+00 3.613344073502259945e+00 2.712660534671518242e+00 1.299746792919367344e+00 1.799970218637703345e+00 3.393175996191837740e+00 3.118459452941903631e+00 2.078418889187859442e+00 2.461643533750847546e+00 1.245257666893731852e+00 2.252748236688188577e+00 3.652742967423940446e+00 3.959250380185228124e+00 4.310647108201451694e+00 2.602973625448224304e+00 3.541814883575173933e+00 4.271375336290120117e+00 3.915236574062236130e+00 2.994631037862529599e+00 2.934937322882039012e+00 4.058666352075380956e+00 1.186903025674560519e+00 2.322706995148711151e+00 4.212073166153313508e+00 6.032303073569644791e-01 2.544210188208764212e+00 2.210350719925632923e+00 1.274893703798886113e+00 4.075281178830186590e+00 4.979656125265830013e-01 3.370672893420550764e+00 4.124798769536717202e+00 3.073846679908933233e+00 3.118051566005522468e-01 2.616090988982191057e+00
2.041501751335254689e+00 2.949754648903989640e+00 3.588714009789457204e+00 2.230273529144348288e+00 1.838693114914108806e+00 2.312707770794451889e+00 3.874597370624385917e+00 1.451131024018810223e+00 2.607656187683336402e+00 3.256943025983956463e+00 2.591971421485983473e+00 1.806907556674269166e+00 2.562164845584200989e+00 4.328596261047650273e+00 9.657140844735092600e-01 2.472630060147195330e+00 2.679442359185062017e+00 1.635167227804922740e+00 3.039523670037290515e+00 3.450162080610025050e+00 8.400699021342944439e-01 3.797500498752578224e+00 1.316146005200725666e+00 4.012497467416930697e+00 1.104960131787928956e+00 4.271375336290120117e+00 4.867444845886984339e+00 4.363686770193583087e+00 2.093795827219395278e+00 2.123220046007239681e+00 3.008921127329220013e+00 1.329554312867984756e+00 2.498244339375786272e+00 2.604333238440089016e+00 2.749060448139143631e+00 2.734447449808285135e+00 2.027522150604350148e+00 2.371171957100477012e+00 1.808528287757471098e+00 4.747216230732837161e+00 1.170331314169023029e+00 1.662245976600868591e+00 2.624549004141859321e+00 3.011786096115543820e+00 2.858555170580071803e+00
1.837510128005930055e+00 2.197579068486127385e-01 2.167673402401872451e+00 3.220102312605074957e+00 2.341903240265662767e+00 4.505000584418167975e+00 9.171972981943584680e-01 1.513841677381542850e+00 2.802638659868303961e+00 2.594863450605958466e+00 2.980950580163515440e+00 3.418771989443493808e+00 1.779225310930997894e+00 4.029695093626839864e+00 1.931040756784195178e+00 3.076758704682637457e+00 1.933768667512687056e+00 1.797483457273873153e+00 9.838199550028612350e-01 1.678443407825622957e+00 2.275401395961570206e+00 3.992325867624717972e+00 2.602887843110466726e+00 4.341167104448100389e+00 2.359409978518030915e+00 3.915236574062236130e+00 4.363686770193583087e+00 3.854609223220260006e+00 2.988525398315171167e+00 2.473696830685744086e+00 2.852594188902763950e+00 4.320443418319491746e-01 1.098585350535306260e+00 4.690928859426554354e+00 2.569196960818606712e+00 2.557984233007911001e+00 3.268974954412696032e+00 1.289928041836768902e+00 7.995207600582887597e-01 2.867606879634263528e+00 3.496986681234616423e+00 1.765943549130414514e+00 2.711597202320552569e+00 2.260028056776878458e+00 3.396704897173949966e+00
2.153519933242850293e+00 4.032551322730055787e+00 3.007302393533878959e+00 2.477487082891399517e+00 4.170530938579830593e-02 9.734222323770913565e-01 2.538460080564212795e+00 2.284476209887741582e+00 3.376588249400405140e+00 9.819631370802337500e-01 4.160711054364103489e+00 4.255603300812282441e+00 4.210024208467745055e+00 3.034446432430726315e-01 2.816060471473575078e+00 5.983621383928727777e-01 2.871292817067685910e+00 3.995292071754485974e+00 1.807709732948891812e+00 1.507491838589824829e+00 3.129084885360665869e+00 2.293513372837151731e+00 3.687842452687390082e+00 1.068844073966293662e+00 2.556204815744460124e+00 2.994631037862529599e+00 2.093795827219395278e+00 2.988525398315171167e+00 1.660155439568328228e-01 2.687281033029406352e+00 1.890391614003404275e+00 7.026473875128730340e-01 3.595735746497043195e+00 1.769243879534068364e+00 4.101120004939508235e+00 1.387866375191868507e+00 2.373776674823639077e+00 6.273545812416234657e-01 2.510474001052315884e+00 3.359193008237953748e+00 2.075750841200541430e+00 4.442288185637224274e+00 1.108742454573254488e+00 2.312823218085286126e+00 1.936066692538254141e+00
2.293548841165208074e+00 3.552360689950112338e+00 3.352675812463606242e+00 1.074349906493035967e+00 2.439082912910027101e+00 6.240189826769191317e-01 2.450410302635739335e+00 2.365242776377774359e+00 4.060331273074394787e+00 1.341062726583243769e+00 2.916688848416684188e+00 3.411828414118127650e+00 2.699612471946580605e+00 2.388021515343417001e+00 1.577825971648689318e+00 7.761955112072854712e-01 1.959456690067951090e+00 2.224734376032605709e+00 2.128695688193936508e+00 4.439453352980802237e+00 1.486958693010772770e+00 5.332526268749598897e-01 2.059111214320695105e+00 2.700161944444865902e+00 1.630229056982485103e+00 2.934937322882039012e+00 2.123220046007239681e+00 2.473696830685744086e+00 2.687281033029406352e+00 4.873965810733915660e+00 3.108191344454660943e+00 2.965431434719980164e+00 3.656534316223912118e+00 6.699409866568049043e-01 2.326689064009543007e+00 8.177668281432676212e-01 2.928419136205731910e+00 3.089517319249780236e+00 2.853247055738087568e+00 3.505151108514409586e+00 1.795788427872600179e+00 2.696841343283034043e+00 1.959151509583066053e+00 3.898804587408110756e+00 1.319200962714667025e+00
3.686440870059717323e+00 3.269206441533452079e+00 3.115138935884132376e+00 3.901400390010936192e+00 2.588506826978222541e+00 3.575561251350026559e+00 2.380958962949665469e+00 2.593927562314179980e+00 3.168332348089312411e+00 3.233298650131205321e+00 3.854404959379883699e+00 1.698388372001592206e+00 2.842390181808234217e+00 3.881081551560834342e+00 2.723024370782818337e+00 2.803819793793012494e+00 2.081807513476131355e+00 4.452891074024480922e+00 4.819439136464390150e-01 1.040219967445528138e+00 2.776877920286159096e+00 1.108102492523287186e+00 3.879513401541047735e+00 3.074650395092315414e+00 2.657660498484487377e+00 4.058666352075380956e+00 3.008921127329220013e+00 2.852594188902763950e+00 1.890391614003404275e+00 3.108191344454660943e+00 8.176193629251138351e-01 3.390500582719515599e+00 3.841071458304888164e+00 6.642407691981742079e-01 2.525395109610025557e+00 2.110624637832413164e+00 2.024083765528406964e+00 4.976149252596084871e-01 4.493397351613547031e+00 3.372268205225439353e+00 3.040051981763286726e+00 1.539334882054652409e+00 2.163440128960869124e+00 2.768858273545539816e+00 9.265419415364222200e-01
2.498518723924752383e+00 3.005394675869379029e+00 2.862013931277807899e+00 2.344812628939414889e+00 3.496681036445347779e+00 2.757991705154327011e+00 1.747434619641164089e+00 1.679412694502966819e+00 2.872549229942667370e+00 1.841418834964996698e+00 2.925948911836077748e+00 3.147474878267155773e+00 3.973307914227990789e+00 1.616080810629039632e+00 4.636966323265595769e+00 1.320487637528727998e+00 2.629379357528007777e+00 3.004669735001504804e+00 1.801560570265063665e+00 2.959789089632266723e+00 4.428839822735651133e+00 1.586053678421911250e+00 1.048647303456443858e+00 1.727440435129344198e+00 2.895788973411414169e+00 1.186903025674560519e+00 1.329554312867984756e+00 4.320443418319491746e-01 7.026473875128730340e-01 2.965431434719980164e+00 3.390500582719515599e+00 2.469990467204807860e-02 4.225652486686414022e+00 3.216486629925258356e+00 2.761972133736260382e+00 1.305881048065185013e+00 2.046810961311447130e+00 1.286646218016018084e+00 3.501196595268766032e+00 1.940802342308800554e+00 1.579637948772500078e+00 2.245694080124909675e+00 1.769747565852313631e+00 9.658242631414692969e-01 1.840214091950679531e+00
2.587409097731375063e+00 4.198634188087718710e-01 2.476513982992475160e+00 1.575671824261063447e+00 3.800258784700264680e+00 2.182948965305897104e+00 3.083152684590677595e+00 2.208548248550386894e+00 3.291580763167016421e+00 3.762770218950005408e+00 2.379289571940501169e+00 2.228135780329800308e+00 3.163619416999970735e+00 2.118718486965083692e+00 1.590404697634310027e+00 4.352057853404032173e+00 3.293087010257447211e+00 3.104116423416138915e+00 9.842777981686714472e-01 2.242670628198458971e+00 3.445666465894276165e+00 1.756646976314355957e+00 2.577473064211302844e+00 1.920798544336076663e+00 3.058078351483223933e+00 2.322706995148711151e+00 2.498244339375786272e+00 1.098585350535306260e+00 3.595735746497043195e+00 3.656534316223912118e+00 3.841071458304888164e+00 4.225652486686414022e+00 4.392577806506739790e+00 3.255427176502549536e+00 2.768896692017751349e+00 3.669874733464865812e+00 2.677396279630253506e+00 2.243628559828596547e+00 3.917796356249935386e+00 2.623792248932486970e+00 3.500642185955670005e+00 1.571424005717221073e+00 2.910196088551725957e+00 9.199852553760248242e-01 3.077558208111702776e+00
3.288367680311828245e+00 1.886596050383820167e+00 2.013797828043847549e+00 1.073333107062774072e+00 1.682407330207726259e+00 2.019013252409231018e+00 2.526704232818866913e+00 1.504705604724056567e+00 2.124022211276101135e+00 3.274227051344685613e+00 3.239427196597699066e+00 1.689664606651354095e+00 2.713951860071114552e+00 2.964967649930727589e+00 2.751401103269549342e+00 1.934306099749954821e+00 2.035218730717042845e+00 1.805732224208319803e+00 3.255795362739028587e+00 1.199092528863005658e+00 2.311282407998965560e+00 2.691346541071421683e+00 3.761651979730615825e+00 2.406318126085552844e+00 3.254644211088854711e+00 4.212073166153313508e+00 2.604333238440089016e+00 4.690928859426554354e+00 1.769243879534068364e+00 6.699409866568049043e-01 6.642407691981742079e-01 3.216486629925258356e+00 3.255427176502549536e+00 1.217411482881496365e+00 3.004601450861106748e+00 7.349486804999847411e-01 3.236431085692583309e+00 3.286844497072020310e+00 2.811302321946593241e-01 1.381309499367538995e+00 2.512124367875100184e+00 1.456053383201858509e+00 1.656957438419109918e+00 2.843842966436488595e+00 1.696016619482124010e+00
3.192349330576407240e+00 1.815507107090120087e+00 2.360214591912837889e+00 2.158792359804438732e+00 2.814320807182218331e+00 5.476564677692902228e-01 2.268101708143354323e+00 3.267444424198047592e+00 1.305604719871611863e+00 1.516280410772399723e+00 3.233401434113832629e+00 2.428998248374492519e+00 3.574189820939122075e+00 2.512056185212555359e+00 2.661773369644959253e+00 2.912620922359634879e+00 2.363161556096363469e+00 3.681814808333893740e+00 4.801881515198302974e-01 2.190808916483691249e+00 2.807706570137401325e+00 2.996136672658050948e+00 4.408638371350559915e+00 2.928613637506224165e+00 2.052549266976589237e+00 6.032303073569644791e-01 2.749060448139143631e+00 2.569196960818606712e+00 4.101120004939508235e+00 2.326689064009543007e+00 2.525395109610025557e+00 2.761972133736260382e+00 2.768896692017751349e+00 3.004601450861106748e+00 4.113071592568392276e+00 2.409375420633183218e+00 1.887981615138272451e+00 1.612662124324212964e+00 2.600033307140836136e+00 2.425439251706082988e+00 3.495945628164029095e+00 1.832590501509698822e+00 3.827677690553166201e+00 2.222484465188233393e+00 1.872901205914981659e+00
